feature1,feature2,irrelevant_feature,target
1.71,2.53,0.36,0
1.68,2.27,0.74,0
0.58,2.8,0.08,1
0.75,1.17,-2.14,0
0.98,1.7,0.15,0
2.57,1.01,-0.29,0
2.16,3.64,0.34,1
1.72,1.26,1.62,0
0.37,0.73,-1.09,0
0.95,2.42,-0.15,0
2.8,0.18,-1.89,0
1.09,3.01,1.2,0
1.68,1.94,-0.06,0
3.37,2.57,-0.04,1
1.35,1.6,0.19,0
3.29,3.03,-0.25,1
2.2,1.61,-0.23,1
1.1,1.75,0.06,0
2.31,1.5,-0.15,1
2.31,0.87,1.66,0
2.47,2.75,-0.29,1
0.39,0.38,-0.96,0
3.19,3.33,-0.72,1
3.74,2.1,1.02,1
1.81,1.9,-0.31,1
2.44,3.5,0.36,1
2.12,1.54,0.17,1
2.31,2.96,-0.11,1
1.58,2.03,-0.03,1
2.04,0.65,0.64,0
1.88,3.92,0.69,1
-0.24,1.14,1.94,1
0.69,1.42,0.57,0
2.52,3.13,-0.75,1
0.37,-0.28,-0.5,0
2.01,2.93,0.75,1
2.08,1.44,1.02,0
3.28,2.72,-0.99,1
0.71,1.85,0.03,0
2.89,2.61,0.24,1
3.41,2.34,0.08,1
1.81,1.0,0.23,0
3.77,4.74,-0.75,1
1.78,4.17,1.65,1
2.1,-0.26,-0.56,0
3.63,3.05,-1.0,0
1.59,2.58,-0.19,0
2.17,2.5,0.14,1
3.42,0.67,0.89,1
3.0,3.65,1.78,0
4.13,2.12,0.37,1
1.77,1.1,-0.88,0
3.6,2.78,-0.5,1
3.48,1.75,-3.0,1
2.26,2.48,1.51,0
3.55,1.64,0.54,1
3.06,2.9,0.33,1
1.96,3.36,0.01,0
0.91,2.27,-0.96,0
1.73,1.94,0.79,0
0.88,1.78,1.08,0
0.66,2.6,-0.19,1
1.66,2.51,1.22,1
3.67,0.91,-1.93,1
3.94,2.61,-0.62,1
1.06,1.21,1.31,0
1.73,0.74,-2.48,0
1.82,2.68,-0.22,1
2.0,2.06,-0.42,0
3.0,2.02,-0.4,0
1.15,0.63,1.24,0
2.93,1.21,-0.37,1
2.28,1.04,0.2,1
1.88,1.66,0.72,0
4.28,2.7,-0.7,1
3.14,2.38,1.82,1
0.48,2.5,0.66,1
0.62,2.56,0.44,0
2.55,1.73,1.16,1
2.34,3.19,1.31,1
1.1,1.49,1.45,0
3.0,2.52,-0.49,1
-0.02,1.77,-0.75,0
2.13,3.19,-0.8,1
1.31,2.27,-0.37,1
4.05,2.79,-1.81,1
0.84,0.37,-0.97,0
1.28,0.77,-1.74,0
1.7,2.01,0.24,1
2.55,1.54,-0.32,0
1.67,2.19,-0.49,0
3.84,2.21,-1.25,1
1.93,2.26,0.49,0
2.16,1.07,-1.14,0
2.34,3.32,-0.49,0
2.17,3.17,0.68,1
1.8,1.82,0.09,1
3.12,0.51,-0.24,0
1.04,2.73,-1.34,0
2.42,1.06,-0.8,0
4.1,-0.22,1.12,1
2.11,1.67,1.4,1
3.35,2.52,0.37,1
1.83,1.49,0.89,1
1.54,1.56,-0.32,0
1.48,0.71,0.14,0
2.87,1.59,-1.35,1
0.87,1.75,0.7,0
2.51,0.79,1.76,1
3.09,2.44,0.29,1
3.37,4.22,2.14,1
4.01,4.74,0.73,1
1.29,2.73,-0.35,0
0.92,1.36,-0.2,1
2.39,2.03,0.04,1
3.81,3.04,0.09,1
1.12,2.11,0.15,1
2.58,3.46,0.43,1
3.57,3.79,0.13,1
1.38,0.45,-1.24,0
0.82,3.44,0.71,0
0.69,1.38,0.37,0
1.01,3.66,0.12,1
4.08,1.57,0.09,1
0.62,2.98,-0.05,0
2.3,2.29,-1.2,1
1.3,1.77,0.1,0
3.21,2.0,2.21,1
0.59,0.71,-1.74,0
1.92,2.61,1.21,1
1.31,1.87,0.14,0
2.44,3.76,0.27,1
2.15,1.27,-0.9,1
0.27,2.37,-0.22,0
0.01,0.88,-0.29,0
1.69,-0.42,-1.11,0
2.56,0.77,0.36,0
1.9,1.5,0.64,0
3.34,2.24,1.38,1
2.63,3.34,0.33,1
1.66,2.24,-1.15,0
2.8,2.46,1.62,1
1.46,3.48,0.62,1
2.88,2.19,-1.52,1
2.73,1.93,-2.18,1
0.61,1.59,-1.61,0
0.86,0.34,1.43,0
1.41,1.74,-0.17,1
0.81,2.47,-0.26,0
1.92,2.75,-0.53,0
3.18,0.48,0.61,1
1.55,1.15,0.79,0
1.39,2.46,0.31,1
2.31,2.84,1.52,1
1.7,2.86,0.85,0
1.75,4.06,0.34,1
2.72,1.77,0.07,1
3.4,2.11,0.39,1
1.84,0.21,0.31,0
-0.37,2.51,-1.18,0
0.67,1.7,-0.01,0
1.47,0.95,-0.32,0
1.09,1.19,-0.56,0
3.5,3.95,0.91,1
0.74,1.04,0.44,0
0.35,1.42,-1.47,0
1.51,2.76,0.46,1
2.6,1.31,1.87,0
1.34,1.09,-0.73,0
2.01,1.66,0.42,0
2.21,4.01,-0.09,1
1.46,2.13,-0.4,0
1.24,1.07,2.21,0
1.81,1.73,1.0,1
1.33,2.17,1.94,0
2.67,2.36,0.68,0
0.76,3.57,0.22,1
1.52,2.04,-0.65,0
2.65,2.17,-0.27,1
1.46,2.54,-1.56,1
2.7,1.49,2.35,1
2.45,3.57,-0.86,1
3.31,2.8,1.57,1
3.28,0.83,-1.28,1
2.16,2.78,0.91,1
0.73,1.82,-0.13,0
3.35,2.2,-0.21,1
3.2,3.74,1.16,1
1.51,2.57,-0.36,0
1.67,3.67,-0.63,1
0.96,2.51,-0.15,1
4.14,1.37,0.06,1
1.56,2.7,0.46,0
0.54,1.56,-0.8,0
2.0,0.69,-0.74,0
2.8,1.31,-1.15,1
2.67,3.83,-0.79,1
0.29,0.84,0.97,0
3.52,2.81,-0.21,1
2.35,1.78,0.17,1
0.37,1.89,0.91,0
3.55,0.25,-1.36,0
1.68,1.69,1.62,0
2.24,2.88,1.61,1
2.15,2.22,0.69,1
-0.19,1.72,0.23,0
2.87,4.74,-0.62,1
3.04,1.87,2.06,1
3.32,0.73,0.11,0
2.46,3.01,0.72,0
2.07,3.55,1.46,1
2.69,2.4,-0.52,0
-0.34,1.15,1.04,0
2.62,2.03,1.31,1
3.53,2.57,-0.87,1
1.76,0.77,-0.51,0
2.3,1.55,0.3,1
2.91,3.53,0.79,1
3.88,1.97,-0.91,1
1.74,1.48,1.67,0
1.37,-0.01,-0.42,0
3.1,3.0,-1.04,1
1.39,2.52,-0.24,1
1.04,1.04,-2.23,0
2.1,1.54,-1.15,1
1.84,1.73,1.11,1
1.58,2.7,-0.28,1
0.95,1.33,-1.21,0
3.18,2.4,1.68,1
1.33,2.26,-1.14,0
1.74,2.66,0.62,1
-0.06,1.04,-1.05,0
-0.78,2.28,-0.89,0
1.07,1.79,0.43,0
3.28,0.86,-1.2,1
2.3,2.83,0.36,1
1.39,1.69,0.77,0
1.35,0.81,-0.06,0
2.62,2.54,-1.56,1
2.19,3.01,2.05,1
2.02,2.96,-0.1,1
0.82,0.07,0.99,0
1.93,1.26,-2.2,1
2.0,2.96,-0.33,1
1.75,2.53,0.76,1
3.15,3.05,-1.07,1
1.56,2.29,-0.18,0
-0.0,2.36,-0.14,0
2.09,1.09,0.67,0
2.51,2.55,-1.52,1
1.51,1.75,0.28,1
3.2,1.48,0.04,0
3.68,2.69,0.46,1
0.63,1.95,-0.92,0
1.48,0.93,1.51,0
1.06,1.27,0.95,0
4.68,2.99,-0.92,1
2.77,2.68,0.31,1
2.31,1.45,1.92,1
3.12,1.59,1.45,1
2.58,2.02,0.46,1
1.23,1.9,-0.65,1
3.99,3.61,1.42,1
3.13,2.59,-0.16,1
1.0,2.37,-0.47,1
0.24,1.78,-0.57,0
0.52,1.32,-1.07,0
2.47,2.12,-1.03,1
3.67,2.76,0.69,1
2.52,3.25,1.52,1
1.18,1.8,-0.66,0
1.09,-0.12,-1.56,0
1.4,1.34,-0.83,0
2.4,2.7,0.14,1
0.66,0.18,-0.34,0
0.81,-0.22,1.03,0
1.44,4.74,-2.98,1
2.48,2.2,1.33,0
1.42,2.32,-0.75,0
3.03,0.68,0.13,1
2.29,0.73,-2.07,0
1.83,2.51,-0.99,0
2.04,1.23,-1.2,1
2.24,1.48,-1.01,1
2.38,1.51,1.05,1
2.51,0.97,1.54,0
1.42,1.29,-2.82,0
1.95,1.95,-1.17,0
1.41,3.34,-1.4,1
2.53,0.61,-0.54,1
1.32,2.08,0.46,1
1.08,1.2,0.11,0
1.22,0.57,2.7,0
1.91,1.67,-0.89,0
1.85,3.18,0.91,1
0.77,3.23,-1.16,1
0.43,1.3,-1.54,0
3.55,2.68,-0.78,1
2.49,1.39,-1.66,0
0.99,0.63,-0.49,0
1.98,2.06,-1.3,0
2.03,2.03,0.28,0
1.29,2.45,0.98,1
1.99,1.34,0.27,0
3.16,1.15,-1.34,0
2.63,2.63,0.57,1
1.93,0.39,1.36,0
2.62,1.2,-0.26,0
4.13,0.85,-0.8,1
1.69,2.29,-1.33,1
2.61,2.54,0.72,1
2.2,1.03,0.67,0
2.77,2.43,1.56,0
1.49,3.77,0.47,1
4.29,3.01,1.52,1
0.94,1.33,0.88,0
3.29,1.43,-0.58,1
2.36,1.39,0.93,0
4.14,3.19,-1.62,1
1.69,2.25,0.67,0
1.22,1.83,-1.09,0
4.49,3.36,-0.7,1
4.44,1.48,0.14,1
2.26,2.72,-0.44,0
3.88,2.0,-1.41,1
3.35,1.02,0.86,0
1.96,1.56,-1.2,1
3.37,2.07,1.37,1
0.9,3.39,1.13,1
2.82,3.94,1.42,1
0.63,0.83,0.31,0
0.98,1.4,0.45,0
0.11,1.25,0.59,0
0.08,1.38,-0.73,0
2.74,0.35,0.63,0
1.94,2.63,-1.34,1
2.87,3.24,0.6,1
0.76,1.13,0.99,0
3.73,1.13,0.91,1
2.21,0.55,-0.0,0
0.99,0.22,-1.98,0
1.86,3.03,2.21,1
1.63,1.06,1.03,0
1.95,2.58,-0.49,0
1.8,1.82,-0.8,1
2.71,0.17,0.74,0
4.35,3.35,0.75,1
1.28,0.78,0.25,0
1.48,0.54,0.03,0
1.55,2.22,0.16,1
2.27,2.37,1.54,0
2.08,2.26,0.62,1
2.58,0.97,-1.52,0
1.45,1.82,0.74,0
2.07,2.09,0.27,1
1.34,2.23,-0.04,1
0.43,0.62,1.44,0
2.89,1.98,0.01,1
4.824999999999999,4.6,-0.49,1
2.17,0.89,1.45,0
2.74,3.79,1.89,0
3.08,2.99,0.13,1
2.98,1.39,0.58,0
1.67,2.3,1.75,1
2.59,3.84,-0.39,1
2.17,2.49,0.02,0
1.21,2.18,0.34,0
2.91,3.46,-0.53,1
2.27,0.57,0.71,0
1.68,1.32,-0.31,0
1.29,1.68,0.7,0
2.91,3.13,1.32,0
2.45,0.65,0.43,0
4.01,0.7,1.0,1
2.8,2.76,-0.87,1
2.89,3.13,1.06,1
2.2,1.51,-0.48,1
2.02,1.65,0.24,0
1.76,0.54,0.48,0
1.63,2.53,0.51,0
2.53,2.44,0.5,1
1.75,1.46,-0.66,0
2.88,1.66,-1.78,0
2.51,2.46,-1.54,1
1.11,1.76,-0.88,0
2.83,2.15,-1.17,0
3.82,3.35,0.29,1
2.2,1.28,-0.52,0
3.35,3.76,-0.35,1
2.14,2.65,0.33,1
1.05,2.85,1.73,0
1.03,0.15,-1.69,0
2.77,2.81,-0.09,1
2.33,2.25,-0.61,1
3.72,0.59,-1.11,1
0.26,0.96,1.32,0
2.07,0.52,0.9,0
1.72,3.51,-0.26,1
1.97,-0.7799999999999998,0.51,0
2.55,2.9,-0.57,1
-0.49,1.03,0.86,0
3.18,1.18,-0.64,1
2.87,2.26,-0.11,1
3.45,3.82,-0.34,1
0.77,3.62,0.75,1
2.53,2.44,1.38,1
2.11,2.0,-0.59,0
2.53,2.01,-0.15,1
0.93,1.04,-1.45,0
0.47,0.36,-0.79,0
1.34,2.95,0.63,1
1.06,1.09,-0.12,0
1.9,1.49,1.13,0
3.22,2.11,-2.23,0
0.1,3.45,-0.02,0
2.65,2.78,1.06,1
2.59,2.59,-0.04,1
2.45,0.62,-2.43,0
1.04,2.15,-1.76,1
3.04,2.74,1.2,1
1.33,0.35,0.43,0
3.38,1.67,0.02,0
2.14,0.86,-0.78,0
0.78,2.09,1.32,0
1.37,2.01,0.59,1
1.86,2.57,0.03,0
3.1,3.51,-1.76,1
2.8,0.63,1.83,0
2.26,2.01,2.08,1
1.6,1.78,0.71,0
1.53,0.59,-1.16,0
3.51,3.49,-1.72,1
1.72,1.13,1.21,0
2.43,2.49,-0.9,0
1.8,1.22,0.39,1
3.85,2.5,-0.88,1
3.88,1.6,0.89,1
2.2,1.5,-2.53,1
1.57,1.81,1.82,1
1.78,1.14,1.21,0
0.84,-0.37,1.12,0
0.72,2.56,0.92,0
3.67,3.08,0.66,1
0.91,2.98,-0.84,1
3.1,2.85,0.16,1
-0.15,1.2,-1.51,0
2.14,3.08,-0.08,1
3.12,2.7,0.36,1
1.95,1.82,-0.63,0
1.12,2.23,0.51,0
1.36,2.11,1.18,0
2.62,2.13,0.03,1
2.28,1.02,-2.02,0
1.8,1.03,0.05,1
2.37,3.2,-1.09,1
0.79,1.08,0.06,0
2.57,2.1,2.42,0
-0.0,2.4,-0.44,0
1.33,1.9,2.17,0
0.83,1.72,-0.78,0
2.46,0.94,0.42,1
1.17,1.93,-0.26,0
1.01,1.38,-1.34,0
1.55,2.43,0.2,1
3.47,1.54,-0.24,1
1.52,1.02,-0.55,0
1.03,1.96,-0.69,0
2.72,1.43,-0.62,1
2.17,1.81,-0.54,0
2.81,2.75,1.99,0
1.61,1.64,-2.34,0
2.32,1.75,-1.2,1
0.78,1.48,0.0,0
2.73,3.34,-0.18,1
2.47,1.11,0.55,0
2.51,2.51,0.85,1
1.41,0.07,-0.9,0
2.64,3.9,-1.23,1
4.63,2.6,-0.87,1
4.23,2.42,0.15,1
2.58,1.7,1.04,0
3.43,1.19,-0.59,1
-0.8149999999999997,1.12,1.16,0
2.59,0.52,2.32,0
2.48,2.38,0.17,1
1.61,1.47,-0.53,0
2.2,0.97,0.66,1
3.07,1.4,-1.41,1
0.89,2.26,0.74,0
1.32,2.2,0.15,1
2.09,2.42,-1.5,0
2.24,2.06,0.71,0
0.87,2.09,1.02,0
3.06,2.61,0.79,1
2.26,2.11,0.21,1
1.16,-0.53,-0.55,0
0.49,1.31,-0.72,0
0.83,-0.22,-1.61,0
1.54,1.9,-1.08,0
2.86,3.01,0.02,1
2.59,1.0,0.26,0
3.74,0.38,-0.03,1
2.72,2.35,-0.85,1
3.2,1.77,-0.46,0
0.09,0.99,-0.61,0
2.7,1.32,1.58,1
1.21,1.57,-0.85,0
0.89,2.27,0.03,0
2.18,1.22,-0.72,1
3.49,2.9,0.28,1
4.0,2.08,0.08,1
2.53,1.03,0.61,0
0.76,1.79,1.37,0
1.32,0.33,-1.36,0
1.66,2.83,-0.17,1
2.43,2.31,0.64,1
0.72,3.78,1.8,1
2.67,1.85,0.07,1
1.82,2.29,0.43,1
1.28,3.0,0.42,0
3.71,0.97,1.46,0
0.44,0.49,-0.66,0
0.63,1.57,-1.0,0
3.33,3.53,0.58,1
3.19,2.5,0.78,1
1.24,3.21,-0.61,0
1.64,0.7,0.58,1
1.82,1.32,0.55,1
2.23,2.65,1.44,1
0.92,3.59,-0.55,0
1.14,3.59,-1.54,1
2.07,1.42,3.14,0
3.84,2.61,-0.26,1
0.2,1.73,0.04,0
1.58,1.5,0.4,0
0.31,2.7,-0.35,0
1.77,1.6,-0.32,1
0.96,0.59,0.76,0
3.52,1.83,-0.39,1
1.72,0.69,-1.25,0
1.73,1.84,-2.18,1
2.97,2.34,0.95,1
1.6,2.5,-0.89,1
3.14,2.92,0.26,1
1.67,2.74,-1.48,0
2.05,1.19,0.04,1
2.16,2.17,0.19,0
3.39,1.98,0.14,1
2.57,1.16,1.43,0
-0.32,3.14,-1.21,1
3.51,2.23,0.45,1
1.87,1.98,-1.39,0
0.56,4.26,-0.04,1
1.92,2.03,-0.91,1
2.22,1.87,0.48,1
0.89,2.2,0.25,1
1.75,2.49,0.99,1
3.74,1.64,0.28,1
2.49,3.06,-1.4,1
3.28,1.07,-1.0,1
3.53,1.68,-1.61,1
1.09,2.25,-0.86,0
2.51,0.74,0.75,0
2.6,1.25,1.56,1
2.92,0.93,0.15,0
2.25,2.35,1.01,1
1.47,1.07,-0.77,0
1.48,0.23,1.15,0
2.11,3.08,0.6,1
0.91,1.32,-0.94,0
3.09,3.18,-0.27,1
1.77,0.4,-0.71,1
2.8,-0.18,-0.72,1
1.34,0.95,-0.93,0
2.67,1.8,-1.2,1
2.47,0.11,0.9,0
3.32,0.98,0.27,1
4.03,3.5,-0.32,1
1.94,1.34,0.17,0
2.49,-0.07,-2.68,0
1.54,2.12,-1.03,1
1.63,2.18,-0.46,1
2.15,3.25,-1.49,0
2.64,4.21,-0.46,1
3.39,3.2,-1.45,1
2.13,1.84,0.59,0
1.83,1.85,0.36,0
2.84,3.48,0.41,1
1.45,1.6,0.63,0
2.11,0.71,-2.01,0
2.73,3.28,0.42,1
2.83,2.68,0.13,1
2.42,3.92,-0.5,1
4.17,3.28,-1.62,1
1.48,2.19,-0.13,1
1.06,0.22,0.72,0
1.81,1.88,0.51,0
-0.4,0.26,0.35,1
2.72,1.57,0.03,1
1.66,-0.42,0.82,0
2.09,2.8,0.15,1
1.13,1.36,1.37,0
2.7,2.21,0.09,1
2.3,2.36,-1.04,1
2.44,1.2,0.34,0
2.05,3.76,0.83,0
2.49,1.83,-2.22,0
1.54,1.08,1.8,0
2.17,2.57,1.78,1
2.42,3.47,1.05,1
0.69,3.39,1.21,1
1.48,-0.16,-1.86,0
1.74,1.7,-0.41,0
2.88,2.89,1.04,1
1.19,0.56,0.47,0
1.67,0.86,2.02,0
3.06,3.33,0.62,1
0.05,-0.32,1.44,0
3.69,4.47,-1.22,1
1.07,0.44,0.52,0
1.06,0.26,-0.23,0
0.94,0.15,-0.91,0
2.38,2.94,-0.98,1
1.01,1.7,0.58,0
0.59,1.74,0.45,0
1.58,0.91,0.17,0
2.06,2.27,0.79,0
3.81,3.59,1.22,1
2.41,2.99,1.37,0
0.06,1.22,-1.51,0
1.79,-0.7799999999999998,0.55,0
1.39,1.72,0.4,0
0.8,3.96,-0.68,1
0.87,2.21,0.05,1
3.79,3.42,0.25,1
2.65,0.94,2.75,0
1.46,-0.7799999999999998,2.74,0
2.76,3.69,-1.65,1
1.77,1.89,-0.57,0
1.17,0.16,-0.66,0
2.74,1.4,-0.91,1
2.05,3.05,0.16,1
1.73,1.17,0.21,0
2.16,1.78,-1.15,0
2.05,1.18,-0.52,0
1.78,1.99,-0.28,1
1.84,3.7,0.18,1
0.4,1.55,0.7,0
1.45,2.12,0.11,0
2.21,3.79,-1.05,1
0.37,0.61,1.78,0
1.2,2.12,-0.29,0
3.64,3.05,0.03,1
3.58,3.24,0.19,1
2.05,0.8,0.55,1
3.4,2.58,-0.39,1
0.76,2.95,-0.19,1
2.28,2.57,-0.59,1
3.33,2.08,-0.15,1
3.85,3.24,-2.08,1
0.64,1.89,0.16,0
2.09,2.62,-0.72,0
0.93,2.72,1.48,0
2.59,2.39,0.85,1
3.58,2.24,0.77,1
4.23,2.0,-1.33,1
1.69,3.87,-0.88,1
2.97,2.04,-1.32,1
2.36,3.24,-1.14,1
0.51,0.17,0.97,0
2.05,1.44,0.74,0
1.66,2.77,-1.54,1
2.2,1.95,-1.83,1
0.07,0.49,-0.66,0
1.98,3.31,0.8,1
2.1,0.77,-1.52,0
2.27,0.06,0.26,0
4.49,3.5,-2.29,1
1.27,0.02,1.22,0
1.55,1.65,-1.01,0
0.51,2.5,-0.81,0
2.69,2.67,-0.54,1
3.4,2.78,-0.81,1
2.47,0.6,-0.33,0
3.72,2.15,-1.51,1
2.21,2.54,0.2,1
1.16,2.82,1.37,1
1.23,1.79,-0.87,0
1.98,2.15,1.43,1
2.07,1.36,0.64,0
2.65,1.45,1.04,1
3.39,3.21,0.43,1
2.36,2.81,0.14,0
3.15,1.32,-1.91,1
2.84,2.37,0.31,1
0.92,3.04,0.98,1
2.93,2.77,-1.23,1
1.67,2.76,-0.8,1
1.21,-0.37,1.0,0
1.4,2.2,-0.59,0
2.13,1.86,-0.87,1
1.89,1.8,0.18,0
3.57,3.28,0.76,1
2.5,2.56,0.23,1
2.59,4.74,-0.68,1
1.84,1.7,0.02,0
3.82,3.35,-1.03,1
2.8,2.79,0.07,1
2.29,3.61,1.99,1
1.95,2.04,1.74,0
3.2,4.13,0.95,1
-0.46,1.39,1.59,0
0.84,1.23,-1.6,0
1.08,1.54,-1.0,0
1.93,3.37,-0.1,1
4.1,2.19,-0.55,1
2.33,2.94,-0.73,0
1.26,2.52,1.85,0
2.04,2.36,1.19,0
3.59,3.61,-1.05,1
2.27,2.82,1.45,0
0.58,1.83,1.49,0
2.13,4.42,0.01,1
2.8,2.0,-0.17,0
1.7,1.93,1.42,0
0.9,0.8,1.28,0
1.67,0.93,-1.49,0
1.71,2.62,0.5,1
1.31,1.48,0.24,0
0.47,1.37,-0.39,0
3.77,2.22,-1.39,1
1.99,1.35,-0.28,1
3.35,3.86,0.14,1
2.09,2.33,-0.16,1
1.07,2.23,2.63,0
2.47,2.04,-0.19,1
0.09,1.62,0.51,0
1.8,-0.02,0.65,0
1.94,0.47,0.57,1
1.96,1.52,-0.63,0
2.61,2.45,0.1,1
0.24,2.63,0.77,0
2.11,1.4,1.38,0
1.85,1.45,1.36,1
1.54,1.17,0.38,0
1.67,2.36,0.39,1
2.64,2.34,-0.35,1
2.2,1.61,1.11,1
0.79,1.21,-1.73,0
1.22,1.0,0.28,0
2.97,2.88,2.32,1
3.63,1.32,0.26,1
1.7,2.7,-0.89,1
4.34,2.17,-0.89,1
1.58,1.8,1.18,0
1.6,2.85,-0.43,0
1.42,2.18,0.02,0
2.46,3.75,1.14,1
0.41,0.44,1.21,0
1.23,1.19,-0.8,1
0.95,1.64,-0.88,0
2.22,1.79,0.66,1
2.78,1.5,0.35,1
2.91,3.35,-1.36,0
4.0,2.11,2.13,1
1.17,1.37,0.76,0
2.06,1.77,-0.63,1
2.3,2.22,0.02,1
2.45,2.29,0.52,1
1.71,3.46,1.05,1
1.63,2.44,0.68,0
1.69,2.65,0.14,1
1.51,2.1,1.33,1
1.62,3.73,-0.83,1
1.51,1.23,-0.16,0
2.37,1.92,-1.74,1
2.15,2.61,0.41,0
4.28,3.08,1.63,1
2.78,3.27,-1.4,1
0.5,0.91,-0.67,0
1.13,3.48,-2.32,0
2.44,2.62,1.38,1
2.25,1.7,-1.35,1
3.94,1.67,-1.13,1
0.49,2.41,0.58,0
0.87,1.85,-1.59,1
1.54,1.45,-0.4,0
4.63,1.36,-1.59,1
2.35,2.13,0.47,0
1.04,3.04,-2.24,1
2.27,2.62,1.8,1
2.21,1.49,0.4,1
2.92,3.67,0.31,1
3.02,1.44,1.66,1
2.71,3.15,-0.65,1
1.38,0.11,0.56,0
1.29,2.55,0.4,0
1.33,2.36,1.57,0
2.17,3.94,1.01,1
2.45,2.42,-1.55,1
4.824999999999999,1.13,0.8,1
0.69,0.03,-0.21,0
1.93,1.78,-0.76,1
2.56,2.41,-0.59,1
2.81,2.31,-0.82,1
1.33,0.76,0.95,0
1.13,1.53,-0.89,1
1.77,-0.63,0.15,0
3.1,1.63,0.46,1
1.98,2.41,0.45,1
2.09,2.53,0.23,1
1.34,2.52,-1.59,0
-0.8149999999999997,1.51,-0.26,0
2.31,2.59,-0.35,1
3.27,0.21,-0.39,0
1.0,0.98,-0.27,0
1.23,0.78,0.54,0
1.28,0.14,-0.13,0
2.05,3.12,3.1,1
3.07,1.56,0.22,0
2.75,2.02,1.96,1
1.06,1.57,0.55,0
3.9,1.22,1.6,1
1.89,-0.22,-0.98,0
-0.26,1.31,-0.63,0
1.54,3.21,-1.84,1
1.87,2.62,-0.78,0
1.4,1.13,-1.62,0
1.53,1.26,-0.61,0
0.05,2.63,-0.33,0
1.25,2.39,0.94,1
2.85,1.99,1.55,0
0.67,0.87,0.27,0
2.73,1.62,0.15,0
2.27,-0.5,2.09,0
2.25,3.12,1.41,1
1.96,2.48,3.1,0
2.41,2.07,-0.58,1
0.23,3.5,-1.18,1
2.86,1.31,-1.24,0
1.73,1.13,1.19,1
1.44,2.71,-0.02,0
3.24,2.17,-0.33,1
2.01,1.86,-0.39,1
1.56,2.34,-0.72,0
1.99,1.77,0.17,0
1.94,1.94,0.83,1
1.75,2.1,2.13,0
-0.2,0.76,-0.75,0
1.86,1.33,-0.41,0
2.84,0.93,0.49,0
2.87,2.91,-0.0,1
3.55,3.68,0.17,1
1.94,1.37,0.97,1
4.824999999999999,2.51,0.44,1
0.49,0.84,0.42,0
1.3,2.08,0.32,0
3.56,1.43,2.2,1
1.27,0.24,-0.55,0
2.47,3.39,0.51,1
1.08,1.68,-0.47,0
1.06,1.52,-0.16,0
2.73,2.13,-0.55,1
2.0,2.31,-0.3,1
1.53,2.7,1.17,1
1.08,1.36,-1.26,0
2.9,4.16,0.06,1
2.9,2.35,1.49,1
1.67,2.78,0.31,1
0.5,2.36,-0.35,0
2.7,1.86,0.4,1
0.05,1.58,-0.21,0
0.37,-0.76,-2.31,0
1.3,0.71,1.01,0
1.88,4.24,0.78,1
0.85,0.8,-0.41,0
2.92,3.31,-0.2,1
0.31,2.67,-0.66,0
0.84,1.69,-0.21,0
1.3,0.23,-0.53,0
3.03,0.81,-1.56,0
1.67,1.75,0.41,1
1.71,0.94,1.46,0
2.2,0.51,0.02,0
0.99,1.46,-0.09,1
1.15,2.03,0.5,0
3.23,2.17,-0.48,1
4.824999999999999,1.3,-0.6,0
3.08,1.92,0.09,0
0.44,3.81,0.45,0
0.02,1.78,-0.41,0
0.55,2.29,1.24,0
0.32,2.13,-1.14,0
1.27,1.37,1.51,0
1.67,4.47,-1.4,1
2.5,2.47,0.93,1
2.0,2.17,-0.13,0
2.43,1.93,-0.53,0
1.92,2.16,2.01,1
4.66,2.89,1.2,1
3.89,2.91,-0.62,1
2.65,1.78,0.99,0
3.95,3.11,0.84,1
2.6,0.29,-0.33,1
0.91,1.46,-0.17,0
3.3,2.57,-0.81,1
2.05,2.47,0.95,0
0.64,2.57,-0.97,1
3.19,2.53,0.47,1
0.87,3.97,-1.46,1
2.32,2.28,-0.46,1
3.42,2.75,0.79,1
2.76,3.45,0.56,1
1.7,0.61,-0.35,0
2.73,0.55,-0.57,1
3.3,2.27,0.23,1
0.75,1.48,1.67,0
2.07,2.67,0.92,0
2.26,1.9,1.27,1
3.63,2.79,0.6,1
4.41,2.19,2.48,1
2.58,1.72,0.33,1
1.17,2.07,0.3,0
2.55,3.07,-0.04,1
2.71,2.63,0.05,1
2.88,0.73,0.97,0
2.11,3.43,-1.31,1
4.824999999999999,0.45,1.26,0
2.39,1.16,1.05,1
1.91,1.19,2.65,0
2.7,2.83,0.31,0
1.0,0.42,0.55,0
2.24,0.72,0.43,0
3.38,2.09,0.63,0
2.89,3.94,-0.58,1
1.48,-0.47,0.58,0
3.08,2.77,0.29,1
1.79,1.48,-0.67,1
2.62,0.46,-0.39,0
1.11,0.36,0.1,0
1.67,0.62,-0.94,0
1.98,1.87,-1.09,1
3.01,3.06,-1.72,1
0.73,1.78,-0.89,0
2.26,1.2,-0.27,1
2.87,2.07,0.8,1
1.96,1.52,-0.78,0
1.72,1.77,-0.17,0
2.27,1.25,1.59,0
1.6,1.2,0.06,0
3.6,2.43,-1.31,1
1.85,2.82,-0.25,1
2.69,1.13,-2.01,1
1.35,2.24,-0.88,0
-0.08,1.42,-0.03,0
0.48,2.13,0.66,0
2.58,2.94,0.15,1
0.57,2.81,1.83,1
0.63,2.8,-0.7,0
3.14,3.72,0.07,1
2.58,2.14,0.28,1
1.85,2.01,0.18,1
3.15,-0.5,0.42,0
2.09,3.83,-0.85,1
2.2,2.7,-1.25,1
2.73,-0.11,1.0,0
2.28,2.08,-0.41,1
3.27,1.84,0.25,1
2.41,1.66,-1.01,0
0.81,0.8,1.55,0
2.41,2.56,-1.78,1
1.91,2.33,-0.67,0
2.49,3.34,-0.17,1
1.61,3.33,-0.57,1
0.83,3.55,1.0,0
2.04,3.12,0.4,1
2.69,2.44,-0.08,1
2.9,4.04,-0.67,1
2.85,3.04,-1.22,1
0.55,1.3,-0.81,0
2.61,1.19,0.52,0
2.89,3.1,0.03,1
2.81,1.18,-0.53,1
1.95,2.04,0.01,0
2.97,1.87,0.72,1
2.07,3.9,-0.22,1
1.51,3.19,-0.9,1
0.12,0.31,0.17,0
3.11,3.04,-0.96,1
1.22,2.32,0.33,1
4.07,3.34,-0.68,1
1.92,1.08,-0.51,1
1.34,1.43,-1.04,0
2.18,3.58,0.06,0
0.28,1.49,-1.19,0
3.1,2.35,-1.18,1
-0.3,0.08,0.92,0
0.02,1.48,-0.73,0
2.56,1.98,1.9,0
2.85,2.33,-1.46,1
1.12,1.63,1.3,0
0.89,3.17,1.0,0
3.24,2.97,0.65,1
0.85,2.26,1.16,0
2.47,2.37,-0.28,1
0.97,1.61,-1.64,0
0.67,0.88,1.06,0
1.96,1.36,0.5,0
1.58,2.06,-0.48,0
1.82,1.75,-0.69,1
2.4,3.46,0.26,1
1.76,3.01,0.13,1
1.13,1.57,1.46,0
3.12,1.1,0.96,0
1.8,3.01,1.13,0
1.81,2.8,0.39,0
0.59,2.49,-2.88,0
0.84,2.33,0.68,0
2.95,0.84,-0.77,0
2.31,0.29,-0.9,0
2.68,3.15,2.24,1
2.65,4.15,-1.51,1
2.54,1.82,-1.57,1
2.25,0.63,-0.7,0
0.91,1.44,1.54,0
3.17,3.33,-1.49,1
0.26,2.36,1.46,0
0.65,0.48,-1.1,0
1.58,2.38,1.09,1
1.33,2.42,0.34,1
2.95,0.9,1.36,0
2.16,1.0,1.28,1
1.45,1.49,-0.47,0
2.99,0.81,-0.92,1
0.95,2.97,0.67,0
3.24,3.83,-1.44,1
1.09,2.42,-0.73,1
2.87,3.15,-0.09,1
0.93,2.48,-0.36,0
1.78,2.82,1.07,0
2.23,0.92,-0.96,0
2.03,3.02,0.03,0
1.44,1.72,-0.49,0
3.27,1.45,0.82,1
2.31,2.02,-0.2,1
3.92,2.42,0.44,0
1.22,1.49,-0.77,0
2.43,1.71,0.78,0
2.92,4.15,0.72,1
0.88,1.51,-0.49,0
1.17,0.82,-0.48,0
3.56,1.44,-0.05,1
2.48,1.88,-0.03,1
2.12,2.12,0.04,0
2.13,0.29,0.04,0
1.7,0.51,-0.8,0
1.71,1.44,0.46,0
2.04,1.63,-2.39,0
2.72,3.7,-0.95,1
1.31,1.8,1.71,0
1.14,0.83,-0.91,1
4.06,2.16,-1.2,1
1.33,1.28,0.85,0
1.25,1.68,0.37,0
1.8,3.52,-0.06,1
2.52,2.43,-0.86,1
1.34,1.54,0.11,0
3.7,2.05,0.2,0
2.34,2.36,-0.68,0
2.49,2.66,1.02,1
2.35,3.35,-1.3,1
-0.5,1.43,0.69,0
1.83,2.26,-0.26,0
3.43,3.0,0.43,1
0.3,1.63,0.8,1
2.32,1.04,0.72,1
2.18,3.31,-0.0,1
0.3,0.23,-0.74,0
0.73,0.62,2.46,0
2.51,3.35,1.28,1
1.32,1.86,-1.34,1
1.95,0.98,0.83,1
2.18,2.68,0.61,0
3.73,2.99,-0.9,1
3.79,1.79,0.93,1
2.17,0.57,0.78,0
2.4,2.37,1.5,1
2.84,2.11,0.56,1
3.13,2.78,0.96,1
0.81,3.11,-0.14,1
1.44,0.56,1.71,0
2.79,2.25,-0.21,0
1.18,2.86,0.18,0
1.8,3.93,-3.31,0
2.34,3.03,-1.65,1
3.39,1.31,-0.45,1
0.6,0.79,-0.13,0
0.49,1.51,-0.43,0
1.16,1.95,0.91,0
1.2,2.07,0.6,0
1.93,1.41,0.16,0
2.15,2.2,0.17,1
2.76,2.25,-0.06,1
2.21,0.09,1.32,0
1.31,0.86,0.81,0
1.89,1.41,1.62,0
1.47,1.2,-0.33,0
3.78,3.61,-1.18,1
2.74,2.24,0.28,0
2.2,2.49,1.17,0
1.27,1.39,0.72,0
2.37,2.96,-0.25,1
3.74,3.1,-0.57,1
0.35,1.08,-0.99,0
3.82,2.0,0.31,0
1.85,1.98,1.27,0
2.83,1.5,-0.04,1
2.25,1.36,1.19,1
2.72,1.74,-0.65,1
1.17,-0.59,1.22,0
2.58,4.68,2.82,1
2.82,1.63,-1.26,1
-0.27,1.57,-0.2,0
3.11,3.06,0.33,1
0.85,2.95,-0.76,0
0.58,2.43,1.34,0
0.52,0.9,-0.39,0
0.78,3.72,0.5,1
2.45,2.65,1.01,1
2.31,1.81,-0.24,1
3.08,1.28,0.35,0
1.97,1.34,0.29,0
2.1,2.8,-0.03,1
1.48,0.96,-1.13,0
2.83,1.35,-0.67,0
0.47,1.76,1.16,1
2.03,-0.01,0.35,0
3.21,2.42,-0.69,1
2.87,2.95,0.54,1
1.28,0.47,-0.62,0
0.38,2.15,-0.21,0
1.67,2.1,0.92,0
3.02,1.17,0.27,0
2.94,1.31,-0.65,0
1.75,2.5,0.56,1
3.21,2.86,-0.23,1
1.98,2.59,-1.18,1
1.28,0.97,0.6,0
2.4,1.7,-0.84,1
2.29,0.03,-0.45,0
1.46,0.16,-0.67,0
2.25,3.83,-1.0,1
1.06,0.18,0.17,1
2.91,1.71,0.29,1
2.15,2.92,-0.24,1
3.87,0.87,0.24,1
-0.41,2.24,-0.29,0
3.11,2.83,1.05,1
2.8,2.9,-2.53,1
2.25,3.95,-0.39,1
2.01,2.18,1.69,1
2.84,2.49,0.38,1
1.87,2.64,-0.19,0
2.29,1.74,-0.9,0
2.99,1.54,-1.38,1
3.82,2.95,0.47,0
2.8,3.28,1.43,1
1.26,1.44,0.63,0
1.37,-0.38,-1.01,0
0.96,1.48,-0.03,0
1.31,1.22,-0.09,0
3.09,2.76,-1.89,1
-0.8149999999999997,-0.57,0.72,0
-0.8149999999999997,2.49,0.01,0
2.57,1.59,1.0,1
3.72,0.28,-0.17,0
1.85,3.56,1.36,1
1.31,2.34,-0.36,0
3.35,2.45,-0.2,1
1.94,0.82,0.78,0
2.68,4.35,1.01,1
2.47,4.7,0.91,1
1.88,2.95,-0.29,0
2.52,2.41,-0.37,1
1.76,1.87,2.23,1
3.66,1.57,0.82,1
4.09,2.04,0.46,1
3.42,2.18,0.9,1
1.98,4.07,0.13,1
3.96,2.7,1.72,1
2.41,0.8,-1.87,0
2.51,3.04,-1.7,0
1.24,1.64,-0.69,1
0.89,1.62,1.2,0
0.2,1.74,1.8,0
3.71,2.11,0.52,1
1.29,1.62,0.83,0
1.38,2.63,-0.08,0
0.95,3.1,-1.18,1
1.01,0.68,0.13,0
3.1,2.06,0.21,1
2.9,3.64,-0.86,1
2.52,3.33,-0.0,1
-0.75,0.9,1.06,0
0.64,2.38,0.38,0
2.15,2.02,-0.19,1
0.98,1.91,-0.63,0
2.15,2.2,0.38,1
1.45,3.19,-1.2,1
2.18,2.73,-1.29,0
3.02,1.75,-1.59,1
0.69,1.23,-0.7,0
2.16,0.91,-0.1,0
3.06,1.52,-0.02,1
0.82,3.34,-1.36,0
1.91,0.91,2.53,0
0.62,0.89,-0.08,0
2.85,3.02,2.85,1
3.99,1.86,-0.14,1
-0.42,2.26,-1.15,1
1.21,2.29,-0.58,0
2.36,3.26,0.69,0
0.46,0.44,-0.65,0
2.73,2.93,0.93,1
3.5,3.38,-1.53,1
2.44,3.86,-0.31,1
3.01,2.65,-1.5,1
4.32,1.04,-0.5,0
1.27,2.81,1.04,1
0.1,0.43,0.79,0
3.59,2.17,-2.76,1
2.14,1.85,1.47,0
2.27,1.15,-2.66,0
2.14,1.32,-0.08,1
2.19,2.83,0.6,1
2.35,0.75,-0.38,0
2.55,2.51,-0.17,1
2.85,2.79,0.11,0
1.96,1.15,1.1,0
1.96,2.03,-0.78,0
3.12,2.33,-0.67,1
0.92,3.58,0.25,1
2.39,2.43,0.36,1
3.15,1.66,0.26,0
0.38,2.93,-1.79,0
3.29,1.48,-1.14,1
1.67,2.39,-1.49,0
3.32,2.54,1.2,1
2.08,0.35,0.67,1
1.15,2.94,-0.43,1
0.96,-0.5,0.24,0
2.12,2.05,-0.15,1
1.94,2.75,-0.48,0
3.27,4.51,0.18,1
1.79,0.58,-1.16,0
3.59,1.67,0.57,1
2.78,1.33,-0.37,0
1.62,2.63,-0.59,1
2.45,1.93,0.09,0
3.27,1.04,-0.53,1
2.1,3.23,-1.41,1
3.19,2.6,0.14,1
-0.49,2.12,-0.28,0
-0.8149999999999997,2.75,0.02,0
2.28,4.11,1.32,1
1.08,0.65,0.51,0
2.06,2.03,0.22,1
2.67,0.36,0.83,0
1.72,3.24,-0.31,1
2.16,2.27,-0.56,1
1.93,3.96,-1.37,1
2.19,1.49,-1.57,1
1.41,2.97,0.06,1
1.88,1.19,0.67,0
2.53,3.82,1.59,1
0.95,0.57,1.21,0
1.8,3.11,1.24,1
1.91,-0.7799999999999998,0.82,0
2.56,1.97,-0.66,1
0.5,0.26,0.33,0
2.33,1.7,-0.19,0
2.95,3.1,0.3,1
1.48,2.2,0.76,0
0.97,1.69,0.2,0
2.22,3.19,-0.08,1
2.33,2.55,1.1,1
3.81,1.28,-0.2,1
2.78,2.36,0.56,0
0.63,4.35,0.66,1
0.41,2.11,-0.11,0
0.95,1.83,0.7,1
3.31,1.3,-0.54,0
1.63,1.39,-1.14,0
3.25,2.7,1.35,1
1.34,0.43,0.59,0
0.35,1.81,1.22,1
0.95,1.37,-0.32,0
0.54,1.69,0.44,0
1.57,3.87,0.21,1
1.18,0.29,-0.75,0
2.09,1.3,1.29,0
2.75,0.57,-0.17,0
2.99,1.12,-0.81,0
1.64,2.29,-0.94,1
2.82,1.4,0.08,0
2.15,1.68,0.19,1
3.71,2.35,-0.22,1
2.11,2.51,-1.31,0
2.93,0.85,-0.6,1
0.98,2.44,0.29,1
0.94,2.12,-0.25,0
0.69,1.29,0.96,0
1.04,2.88,-0.33,1
2.73,4.74,-0.21,1
3.8,2.16,-0.31,1
1.28,2.19,-1.4,0
3.49,3.1,0.65,1
3.13,1.3,0.2,0
2.83,2.27,0.07,1
4.37,-0.02,1.48,0
1.16,2.71,-0.16,1
0.85,4.45,-1.04,1
2.48,1.45,1.54,0
1.47,2.26,-0.06,0
2.14,0.61,0.63,0
1.59,1.35,-0.59,0
1.24,0.17,-0.83,0
2.74,0.13,0.46,0
2.16,1.33,1.21,0
1.88,1.74,1.23,0
0.75,1.34,2.2,0
0.57,1.97,1.21,0
1.3,3.55,-0.43,0
2.04,0.98,-1.1,1
1.77,1.73,-0.83,1
4.01,3.6,1.55,1
2.14,2.09,0.24,0
1.91,2.23,-1.11,0
4.23,2.96,-1.01,1
0.87,3.33,0.6,1
2.3,1.85,-1.65,1
0.5,3.38,0.46,0
0.65,1.88,1.15,0
1.02,0.99,1.55,0
3.01,2.66,-0.53,1
3.43,0.59,1.31,0
1.57,2.14,0.55,0
2.23,3.38,0.97,1
0.86,1.81,-2.07,0
3.29,3.56,-0.05,1
1.26,1.96,-0.37,1
1.67,3.27,-1.45,1
2.04,1.25,-0.33,0
2.08,2.07,-1.61,0
2.06,-0.46,0.16,0
3.3,1.89,-0.9,1
2.38,1.56,1.0,0
3.18,1.13,-2.86,0
1.56,2.38,0.12,0
2.06,0.89,-0.16,0
1.78,1.9,0.24,0
0.35,4.18,1.86,1
1.75,1.49,-1.06,0
4.21,1.67,-0.73,1
1.89,1.99,0.49,0
1.91,1.88,-0.59,1
2.79,2.89,0.32,1
1.25,1.73,1.04,0
4.37,3.24,-0.43,1
3.36,2.23,-0.5,1
1.63,3.7,-0.66,1
2.62,2.22,1.72,1
2.22,2.02,-0.78,1
2.76,2.54,-0.63,1
1.96,1.53,-1.27,0
4.35,2.95,1.02,1
1.77,2.89,2.09,1
2.28,2.67,1.82,0
1.55,2.88,-0.78,1
0.52,0.73,0.41,0
0.09,1.21,-0.63,0
3.1,3.6,0.12,1
2.22,2.52,0.34,1
1.7,3.12,0.02,0
0.89,0.4,2.38,0
0.59,1.98,-1.8,0
3.38,3.61,0.4,1
1.59,2.14,-0.45,0
0.6,0.67,-0.54,0
0.23,2.41,-0.58,0
2.38,1.99,1.25,0
2.61,0.6,-2.84,0
3.35,2.07,0.04,1
2.27,1.14,0.67,0
-0.23,1.05,0.74,0
2.12,0.56,0.44,0
1.34,1.62,0.83,1
3.16,-0.65,-0.87,0
3.86,2.2,0.58,1
-0.15,1.7,0.59,0
0.69,2.7,-0.76,0
1.46,3.28,-1.54,1
4.34,3.26,2.78,1
-0.08,1.38,-2.2,0
1.72,2.01,0.57,0
0.54,0.77,-1.34,0
0.79,0.81,1.08,0
2.21,1.69,-0.75,0
2.74,1.91,0.86,1
2.14,2.3,2.44,0
1.49,1.82,-0.28,0
1.83,0.06,-1.34,0
3.07,2.05,0.89,1
2.8,2.46,-0.15,1
2.1,2.15,0.04,1
2.22,2.78,1.22,1
0.15,-0.26,-0.51,0
0.34,1.36,-1.24,0
2.53,2.51,0.31,1
-0.03,2.65,0.93,0
1.4,1.35,1.68,1
2.41,0.58,0.05,1
1.38,3.15,-0.17,1
0.15,2.7,0.17,0
1.68,3.07,-0.95,1
-0.28,1.3,-0.2,0
1.28,1.72,-0.63,0
2.63,2.91,1.33,1
1.79,2.69,-0.76,1
1.85,0.56,-1.38,0
0.73,2.36,1.05,1
1.74,2.74,-0.64,1
4.71,2.76,0.29,1
3.22,2.26,1.13,1
1.6,2.72,1.06,0
1.53,1.53,-2.3,0
3.66,1.03,0.54,0
2.23,1.73,-0.91,1
1.82,3.05,0.57,1
1.22,2.59,-0.32,1
0.33,-0.03,0.55,0
1.64,0.67,-0.85,0
0.9,0.67,0.71,0
1.18,1.84,1.97,0
2.15,1.51,-2.12,1
2.11,1.71,2.33,0
3.21,1.22,0.07,0
1.26,1.86,-0.01,0
3.31,0.86,-0.95,0
2.34,1.64,1.03,1
2.45,1.33,-0.39,0
2.47,0.96,-0.14,0
2.23,2.03,-0.01,1
2.57,1.96,2.34,1
1.3,3.67,-0.67,1
1.19,1.12,-0.19,1
0.62,1.69,0.72,0
2.46,1.99,1.35,1
3.37,1.88,0.17,0
1.54,1.0,0.9,0
1.2,2.57,1.09,0
1.16,2.66,-0.19,1
1.38,-0.14,-0.03,0
1.24,1.45,-0.88,0
1.02,2.74,0.37,0
0.59,1.09,-0.18,0
3.43,1.67,-1.1,1
1.69,-0.16,-1.29,0
2.79,0.01,1.7,1
0.61,2.36,-0.63,0
1.82,2.03,-1.48,1
1.67,2.95,-0.59,0
1.35,0.97,0.36,0
1.37,0.34,1.27,0
2.47,2.0,0.12,1
4.21,3.65,-0.54,1
1.82,2.99,-0.74,1
3.86,2.32,-0.93,1
0.59,2.08,-0.77,0
1.1,3.22,-0.31,1
2.25,0.9,0.1,0
2.87,2.54,0.68,1
2.32,3.88,0.89,0
3.42,3.67,-1.86,1
3.45,3.76,1.26,1
0.61,1.23,-0.49,0
2.67,0.43,0.16,1
2.69,2.2,0.76,0
4.26,2.36,0.98,1
2.15,3.03,-1.29,0
2.58,1.96,-1.83,1
2.16,2.39,-0.15,1
2.11,2.75,0.63,0
2.91,3.41,0.62,1
2.57,2.3,-0.68,0
1.02,1.63,-0.97,0
-0.8149999999999997,1.54,-0.42,0
0.33,2.28,3.19,0
1.1,2.39,0.77,0
0.86,-0.7799999999999998,0.78,0
