feature1,feature2,target
1.16,1.8,0
1.14,1.6,0
1.5,3.24,1
0.42,0.74,0
0.6,1.16,0
1.83,0.62,0
2.73,3.88,1
1.17,0.81,0
0.12,0.4,0
0.57,1.72,0
2.01,-0.03,0
0.68,2.17,0
1.14,1.35,0
3.68,3.05,1
0.89,1.08,0
3.61,3.41,1
2.77,2.31,1
0.69,1.2,0
2.85,2.23,1
1.63,0.51,0
2.98,3.2,1
0.13,0.13,0
3.54,3.65,1
3.97,2.69,1
2.47,2.53,1
2.95,3.78,1
2.7,2.25,1
2.85,3.36,1
2.28,2.64,1
1.42,0.34,0
2.52,4.1,1
0.87,1.94,1
0.37,0.94,0
3.01,3.49,1
0.12,-0.38,0
2.62,3.34,1
1.45,0.95,0
3.61,3.17,1
0.38,1.28,0
3.3,3.09,1
3.71,2.87,1
1.24,0.61,0
3.99,4.75,1
2.44,4.3,1
1.47,-0.37,0
2.65,2.21,0
1.07,1.84,0
2.74,3.0,1
3.71,1.58,1
2.17,2.67,0
4.27,2.71,1
1.21,0.69,0
3.86,3.22,1
3.76,2.42,1
1.59,1.76,0
3.82,2.33,1
3.44,3.31,1
1.36,2.45,0
0.54,1.6,0
1.18,1.34,0
0.51,1.22,0
1.57,3.08,1
2.35,3.01,1
3.91,1.76,1
4.12,3.09,1
0.66,0.78,0
1.18,0.41,0
2.47,3.14,1
1.39,1.43,0
2.17,1.41,0
0.73,0.32,0
3.33,2.0,1
2.83,1.86,1
1.3,1.12,0
4.38,3.16,1
3.5,2.91,1
1.43,3.0,1
0.31,1.82,0
3.04,2.4,1
2.88,3.53,1
0.69,0.99,0
3.39,3.01,1
-0.18,1.21,0
2.71,3.54,1
2.07,2.82,1
4.21,3.23,1
0.49,0.12,0
0.83,0.43,0
2.38,2.62,1
1.82,1.03,0
1.13,1.53,0
4.04,2.77,1
1.33,1.59,0
1.51,0.66,0
1.66,2.42,0
2.74,3.52,1
2.46,2.47,1
2.26,0.23,0
0.64,1.95,0
1.71,0.66,0
4.25,0.89,1
2.69,2.36,1
3.66,3.01,1
2.48,2.22,1
1.03,1.04,0
0.99,0.39,0
3.29,2.29,1
0.51,1.2,0
3.01,1.67,1
3.46,2.96,1
3.68,4.34,1
4.18,4.77,1
0.84,1.95,0
1.77,2.12,1
2.92,2.63,1
4.02,3.42,1
1.92,2.7,1
3.06,3.75,1
3.83,4.01,1
0.91,0.18,0
0.47,2.51,0
0.37,0.91,0
1.84,3.9,1
4.23,2.28,1
0.32,2.15,0
2.85,2.83,1
0.85,1.21,0
3.55,2.61,1
0.29,0.39,0
2.55,3.08,1
0.85,1.29,0
2.96,3.98,1
2.72,2.04,1
0.04,1.68,0
-0.16,0.52,0
1.15,-0.49,0
1.83,0.43,0
1.31,1.0,0
3.65,2.8,1
3.1,3.65,1
1.13,1.57,0
3.24,2.97,1
2.19,3.77,1
3.29,2.76,1
3.18,2.56,1
0.31,1.07,0
0.5,0.1,0
2.15,2.41,1
0.46,1.75,0
1.32,1.97,0
3.53,1.43,1
1.04,0.73,0
2.14,2.97,1
2.85,3.27,1
1.16,2.06,0
2.41,4.21,1
3.17,2.43,1
3.7,2.7,1
1.26,-0.0,0
-0.46,1.78,0
0.35,1.15,0
0.97,0.57,0
0.68,0.76,0
3.77,4.13,1
0.41,0.64,0
0.1,0.93,0
2.23,3.21,1
1.86,0.85,0
0.88,0.68,0
1.4,1.13,0
2.77,4.17,1
0.97,1.49,0
0.8,0.67,0
2.46,2.4,1
0.87,1.52,0
1.91,1.67,0
1.65,3.83,1
1.02,1.42,0
3.11,2.74,1
2.19,3.03,1
3.15,2.21,1
2.96,3.83,1
3.63,3.23,1
3.6,1.7,1
2.74,3.22,1
0.4,1.25,0
3.66,2.76,1
3.54,3.96,1
1.0,1.83,0
2.35,3.91,1
1.8,3.01,1
4.27,2.12,1
1.05,1.93,0
0.25,1.05,0
1.39,0.37,0
3.23,2.07,1
3.14,4.04,1
0.06,0.49,0
3.8,3.24,1
2.89,2.44,1
0.12,1.3,0
2.6,0.03,0
1.14,1.15,0
2.8,3.3,1
2.73,2.78,1
-0.31,1.17,0
3.29,4.75,1
3.42,2.51,1
2.42,0.4,0
1.75,2.17,0
2.67,3.82,1
1.92,1.7,0
-0.43,0.72,0
3.1,2.63,1
3.8,3.06,1
1.2,0.43,0
2.85,2.26,1
3.32,3.8,1
4.07,2.59,1
1.19,0.99,0
0.9,-0.17,0
3.46,3.39,1
2.13,3.02,1
0.64,0.64,0
2.69,2.25,1
2.49,2.4,1
2.28,3.15,1
0.57,0.87,0
3.53,2.92,1
0.87,1.59,0
2.41,3.13,1
-0.21,0.64,0
-0.77,1.6,0
0.66,1.22,0
3.6,1.73,1
2.84,3.26,1
0.92,1.15,0
0.88,0.46,0
3.09,3.03,1
2.76,3.4,1
2.63,3.36,1
0.47,-0.11,0
2.56,2.03,1
2.61,3.35,1
2.41,3.02,1
3.51,3.43,1
1.05,1.62,0
-0.17,1.67,0
1.46,0.68,0
3.01,3.04,1
2.23,2.41,1
2.32,0.98,0
3.92,3.14,1
0.32,1.35,0
0.98,0.56,0
0.66,0.82,0
4.69,3.38,1
3.21,3.14,1
2.85,2.18,1
3.48,2.29,1
3.07,2.62,1
2.01,2.53,1
4.16,3.87,1
3.49,3.07,1
1.83,2.9,1
0.02,1.22,0
0.24,0.86,0
2.98,2.7,1
3.91,3.2,1
3.01,3.59,1
0.75,1.24,0
0.68,-0.26,0
0.92,0.87,0
2.92,3.15,1
0.35,-0.03,0
0.46,-0.34,0
2.18,4.81,1
1.76,1.55,0
0.94,1.64,0
3.41,1.59,1
1.61,0.4,0
1.25,1.79,0
2.64,2.01,1
2.8,2.21,1
2.91,2.23,1
1.79,0.59,0
0.94,0.84,0
1.35,1.35,0
2.15,3.66,1
3.02,1.53,1
2.08,2.67,1
0.67,0.77,0
0.78,0.27,0
1.32,1.14,0
2.49,3.53,1
1.65,3.57,1
0.17,0.84,0
3.82,3.14,1
1.77,0.91,0
0.6,0.32,0
1.38,1.44,0
1.41,1.41,0
2.06,2.96,1
1.38,0.87,0
2.29,0.73,0
3.1,3.1,1
1.33,0.14,0
1.87,0.77,0
4.26,1.72,1
2.37,2.84,1
3.08,3.03,1
1.54,0.64,0
1.99,1.73,0
2.22,3.98,1
4.39,3.4,1
0.56,0.87,0
3.62,2.17,1
1.67,0.91,0
4.27,3.53,1
1.15,1.58,0
0.78,1.25,0
4.54,3.67,1
4.51,2.21,1
1.59,1.95,0
4.07,2.61,1
2.44,0.63,0
2.58,2.27,1
3.68,2.66,1
1.76,3.7,1
3.25,4.12,1
0.33,0.48,0
0.6,0.93,0
-0.08,0.81,0
-0.11,0.9,0
1.96,0.11,0
2.57,3.1,1
3.28,3.58,1
0.42,0.71,0
3.96,1.93,1
1.55,0.26,0
0.61,0.0,0
2.51,3.41,1
1.1,0.66,0
1.35,1.84,0
2.45,2.47,1
1.94,-0.03,0
4.44,3.66,1
0.83,0.44,0
0.98,0.25,0
2.26,2.78,1
1.6,1.68,0
2.67,2.82,1
1.84,0.59,0
0.96,1.25,0
2.67,2.68,1
2.09,2.79,1
0.17,0.31,0
3.3,2.6,1
4.81,4.63,1
1.52,0.52,0
1.96,2.78,0
3.45,3.38,1
2.15,0.91,0
2.35,2.84,1
3.07,4.05,1
1.52,1.77,0
0.77,1.53,0
3.32,3.75,1
1.6,0.27,0
1.14,0.86,0
0.84,1.14,0
2.1,2.27,0
1.74,0.34,0
4.17,1.6,1
3.23,3.2,1
3.3,3.49,1
2.76,2.23,1
1.41,1.11,0
1.2,0.25,0
1.1,1.8,0
3.02,2.95,1
1.2,0.97,0
2.07,1.12,0
3.01,2.97,1
0.69,1.21,0
2.03,1.51,0
4.03,3.66,1
1.55,0.83,0
3.66,3.98,1
2.72,3.11,1
0.65,2.05,0
0.63,-0.05,0
3.21,3.24,1
2.87,2.81,1
3.95,1.51,1
0.03,0.58,0
1.45,0.24,0
2.39,3.79,1
1.37,-0.83,0
3.04,3.31,1
-0.54,0.64,0
3.53,1.97,1
3.28,2.81,1
3.74,4.03,1
1.66,3.87,1
3.02,2.96,1
1.48,1.39,0
3.02,2.62,1
0.56,0.64,0
0.2,0.11,0
2.1,3.35,1
0.66,0.68,0
1.31,0.99,0
2.34,1.48,0
-0.09,2.52,0
3.12,3.22,1
3.07,3.07,1
1.74,0.32,0
1.86,2.73,1
3.42,3.18,1
0.87,0.1,0
2.46,1.14,0
1.5,0.5,0
0.44,1.46,0
2.12,2.62,1
1.28,1.83,0
3.46,3.79,1
2.01,0.32,0
2.81,2.62,1
1.08,1.21,0
1.02,0.3,0
3.79,3.77,1
1.17,0.71,0
1.72,1.77,0
2.45,2.01,1
4.05,3.0,1
4.08,2.3,1
2.77,2.22,1
2.28,2.46,1
1.22,0.72,0
0.49,-0.45,0
0.39,1.82,0
3.91,3.45,1
1.76,3.37,1
3.46,3.28,1
-0.28,0.77,0
2.72,3.45,1
3.48,3.15,1
1.35,1.25,0
0.71,1.57,0
0.89,1.48,0
3.09,2.72,1
1.61,0.63,0
2.46,1.85,1
2.9,3.55,1
0.45,0.67,0
1.83,1.47,0
-0.17,1.7,0
0.87,1.31,0
0.48,1.17,0
2.97,1.79,1
0.74,1.34,0
0.62,0.91,0
2.26,2.95,1
3.75,2.25,1
1.01,0.63,0
0.63,1.36,0
3.17,2.17,1
1.52,1.24,0
2.02,1.97,0
1.09,1.11,0
2.86,2.42,1
0.44,0.98,0
3.18,3.65,1
1.75,0.7,0
3.0,3.01,1
0.93,-0.11,0
3.11,4.09,1
4.66,3.08,1
4.35,2.94,1
1.84,1.15,0
3.72,1.98,1
-0.89,0.7,0
1.85,0.24,0
2.98,2.91,1
1.08,0.98,0
2.77,1.81,1
3.44,2.15,1
0.52,1.59,0
2.08,2.77,1
1.46,1.72,0
1.57,1.43,0
0.51,1.46,0
3.44,3.08,1
2.81,2.7,1
0.74,-0.58,0
0.21,0.85,0
0.48,-0.34,0
1.03,1.31,0
3.28,3.4,1
1.84,0.61,0
3.96,1.35,1
3.17,2.88,1
2.32,1.21,0
-0.1,0.61,0
3.15,2.08,1
0.77,1.05,0
0.53,1.6,0
2.75,2.0,1
3.77,3.31,1
4.17,2.67,1
1.8,0.63,0
0.43,1.22,0
0.86,0.09,0
2.34,3.26,1
2.95,2.85,1
1.61,4.0,1
3.13,2.49,1
2.47,2.84,1
0.83,2.16,0
2.72,0.59,0
0.17,0.22,0
0.32,1.05,0
3.65,3.8,1
3.54,3.0,1
0.79,2.33,0
2.33,1.6,1
2.47,2.08,1
2.79,3.12,1
0.55,2.62,0
1.94,3.85,1
1.45,0.94,0
4.05,3.08,1
-0.01,1.18,0
1.06,1.0,0
0.07,1.93,0
2.43,2.3,1
0.58,0.29,0
3.79,2.48,1
1.17,0.37,0
2.4,2.49,1
3.36,2.87,1
2.3,3.0,1
3.5,3.33,1
1.13,1.96,0
2.65,1.98,1
1.51,1.52,0
3.69,2.59,1
1.83,0.73,0
0.8,3.5,1
3.78,2.79,1
1.29,1.38,0
1.49,4.37,1
2.55,2.63,1
2.78,2.51,1
1.74,2.77,1
2.41,2.99,1
3.96,2.33,1
2.99,3.43,1
3.61,1.89,1
3.8,2.36,1
0.68,1.59,0
1.79,0.41,0
3.08,2.03,1
2.1,0.56,0
2.81,2.88,1
0.98,0.66,0
0.98,0.02,0
2.7,3.45,1
0.54,0.86,0
3.46,3.53,1
2.43,1.36,1
3.23,0.92,1
0.88,0.57,0
3.13,2.45,1
1.75,-0.08,0
3.64,1.82,1
4.19,3.78,1
1.34,0.87,0
1.77,-0.22,0
2.26,2.7,1
2.32,2.75,1
1.51,2.36,0
3.11,4.33,1
3.7,3.54,1
1.49,1.27,0
1.26,1.27,0
3.26,3.76,1
0.96,1.08,0
1.48,0.39,0
3.18,3.61,1
3.25,3.14,1
2.93,4.1,1
4.3,3.61,1
2.21,2.76,1
0.66,0.0,0
1.24,1.29,0
0.75,1.26,1
3.17,2.28,1
1.12,-0.49,0
2.68,3.24,1
0.71,0.89,0
3.15,2.78,1
2.84,2.89,1
1.73,0.77,0
1.43,2.76,0
1.77,1.25,0
1.03,0.68,0
2.74,3.05,1
2.93,3.75,1
1.59,3.7,1
0.99,-0.29,0
1.18,1.15,0
3.29,3.31,1
0.76,0.27,0
1.14,0.5,0
3.43,3.64,1
-0.12,-0.41,0
3.93,4.53,1
0.66,0.17,0
0.66,0.04,0
0.56,-0.05,0
2.91,3.34,1
0.62,1.15,0
0.3,1.19,0
1.06,0.54,0
1.44,1.6,0
4.02,3.85,1
1.71,2.16,0
-0.12,0.79,0
1.23,-0.9,0
0.91,1.17,0
1.68,4.14,1
1.73,2.77,1
4.0,3.72,1
1.9,0.57,0
0.97,-1.11,0
3.21,3.93,1
1.21,1.3,0
0.74,-0.05,0
3.19,2.14,1
2.65,3.43,1
1.18,0.74,0
1.52,1.22,0
1.42,0.75,0
2.44,2.6,1
2.48,3.93,1
0.14,1.04,0
0.96,1.48,0
2.78,4.0,1
0.12,0.31,0
0.76,1.49,0
3.88,3.43,1
3.84,3.58,1
2.65,1.68,1
3.7,3.06,1
1.65,3.35,1
2.83,3.05,1
3.64,2.67,1
4.05,3.58,1
0.33,1.3,0
1.46,1.87,0
0.55,1.95,0
3.07,2.91,1
3.84,2.8,1
4.35,2.61,1
2.37,4.07,1
3.37,2.64,1
2.89,3.58,1
0.23,-0.04,0
1.43,0.95,0
2.35,3.21,1
2.77,2.57,1
-0.11,0.21,0
2.6,3.63,1
1.47,0.43,0
1.6,-0.12,0
4.55,3.78,1
0.82,-0.15,0
1.04,1.11,0
0.23,1.77,0
3.15,3.13,1
3.7,3.22,1
1.76,0.3,0
3.95,2.73,1
2.77,3.03,1
1.95,3.25,1
0.79,1.23,0
2.6,2.73,1
1.45,0.89,0
3.12,2.18,1
3.69,3.55,1
1.67,2.02,0
3.5,2.08,1
3.27,2.9,1
1.77,3.42,1
3.33,3.21,1
2.35,3.2,1
0.78,-0.45,0
0.92,1.55,0
2.71,2.5,1
1.31,1.24,0
3.83,3.61,1
3.0,3.05,1
3.07,5.06,1
1.27,1.16,0
4.03,3.66,1
3.23,3.23,1
2.84,3.86,1
1.35,1.42,0
3.55,4.26,1
-0.52,0.91,0
0.49,0.79,0
0.67,1.03,0
2.56,3.68,1
4.24,2.76,1
1.65,2.12,0
0.81,1.79,0
1.42,1.67,0
3.85,3.87,1
1.6,2.03,0
0.28,1.25,0
2.71,4.49,1
2.01,1.39,0
1.15,1.34,0
0.54,0.45,0
1.13,0.56,0
2.39,3.09,1
0.85,0.99,0
0.2,0.9,0
3.99,2.78,1
2.6,2.1,1
3.66,4.06,1
2.68,2.87,1
0.67,1.57,0
2.98,2.64,1
-0.1,1.1,0
1.23,-0.19,0
2.56,1.42,1
1.36,1.01,0
3.09,2.96,1
0.02,1.88,0
1.48,0.92,0
2.5,2.18,1
1.03,0.75,0
2.35,2.89,1
3.11,2.88,1
2.76,2.31,1
0.45,0.77,0
0.78,0.61,0
3.37,3.29,1
3.88,2.08,1
2.38,3.16,1
4.43,2.74,1
1.06,1.24,0
1.08,2.05,0
0.94,1.53,0
2.97,3.97,1
0.15,0.18,0
2.01,1.98,1
0.57,1.11,0
2.78,2.44,1
3.22,2.22,1
2.09,2.44,0
4.17,2.7,1
0.75,0.9,0
2.66,2.43,1
2.84,2.78,1
2.96,2.83,1
2.39,3.75,1
1.1,1.73,0
2.37,3.12,1
2.23,2.69,1
2.32,3.95,1
1.01,0.79,0
2.9,2.55,1
1.5,1.86,0
4.39,3.45,1
3.22,3.6,1
0.23,0.54,0
0.71,2.54,0
2.95,3.09,1
2.81,2.37,1
4.12,2.35,1
0.22,1.7,0
1.73,2.5,1
1.03,0.96,0
4.66,2.11,1
1.66,1.49,0
1.87,3.42,1
2.82,3.09,1
2.77,2.22,1
3.32,3.91,1
3.4,2.17,1
3.16,3.51,1
0.91,-0.08,0
0.84,1.82,0
0.87,1.67,0
2.75,4.12,1
2.96,2.94,1
4.94,1.93,1
0.37,-0.14,0
2.56,2.44,1
3.04,2.93,1
3.24,2.85,1
0.86,0.43,0
1.94,2.24,1
1.21,-0.66,0
3.47,2.33,1
2.6,2.93,1
2.68,3.03,1
0.88,1.8,0
-1.06,1.01,0
2.85,3.07,1
2.38,-0.01,0
0.61,0.6,0
0.79,0.44,0
0.83,-0.05,0
2.65,3.48,1
2.22,1.05,0
3.2,2.63,1
0.66,1.06,0
4.09,2.01,1
1.3,-0.34,0
-0.37,0.85,0
2.25,3.55,1
1.29,1.87,0
0.92,0.71,0
1.03,0.82,0
-0.13,1.88,0
2.03,2.92,1
2.05,1.38,0
0.36,0.51,0
1.96,1.09,0
1.6,-0.55,0
2.8,3.48,1
1.36,1.76,0
2.93,2.66,1
1.24,3.78,1
2.06,0.85,0
2.4,1.94,1
0.96,1.94,0
3.57,2.74,1
2.62,2.5,1
1.05,1.66,0
1.38,1.21,0
2.57,2.57,1
1.2,1.47,0
-0.33,0.43,0
1.28,0.87,0
2.04,0.56,0
3.28,3.32,1
3.82,3.92,1
2.56,2.12,1
4.87,3.01,1
0.21,0.49,0
0.84,1.45,0
3.83,2.17,1
0.82,0.02,0
2.97,3.69,1
0.68,1.14,0
0.65,1.01,0
3.18,2.71,1
2.61,2.85,1
2.24,3.15,1
0.67,0.89,0
3.31,4.29,1
3.31,2.89,1
2.35,3.21,1
0.22,1.67,0
3.16,2.5,1
-0.13,1.06,0
0.12,-0.75,0
0.84,0.39,0
2.52,4.36,1
0.49,0.45,0
3.32,3.63,1
0.08,1.91,0
0.49,1.15,0
0.84,0.01,0
2.19,0.46,0
2.35,2.42,1
1.16,0.56,0
1.54,0.23,0
1.83,2.19,1
0.73,1.41,0
3.57,2.74,1
3.75,0.85,0
2.23,1.32,0
0.17,2.8,0
-0.15,1.22,0
0.26,1.61,0
0.08,1.49,0
0.82,0.9,0
2.35,4.53,1
3.0,2.98,1
1.39,1.52,0
1.72,1.33,0
2.55,2.73,1
4.68,3.3,1
4.08,3.32,1
1.89,1.22,0
4.13,3.47,1
3.08,1.28,1
0.54,0.97,0
3.62,3.05,1
1.43,1.75,0
1.55,3.06,1
3.54,3.02,1
1.73,4.14,1
2.86,2.83,1
3.72,3.19,1
3.2,3.74,1
1.16,0.31,0
3.18,1.49,1
3.62,2.82,1
0.42,0.98,0
1.44,1.91,0
2.81,2.53,1
3.88,3.23,1
4.49,2.76,1
3.06,2.39,1
0.74,1.45,0
3.04,3.45,1
3.17,3.1,1
2.07,0.4,0
2.69,3.72,1
3.7,0.18,0
2.92,1.96,1
1.32,0.76,0
1.93,2.04,0
0.61,0.16,0
1.57,0.4,0
2.46,1.46,0
3.31,4.12,1
0.98,-0.53,0
3.45,3.21,1
2.44,2.21,1
1.87,0.19,0
0.69,0.11,0
1.14,0.31,0
2.6,2.51,1
3.4,3.43,1
0.4,1.22,0
2.81,1.99,1
3.29,2.66,1
1.36,1.01,0
1.17,1.21,0
1.6,0.81,0
1.07,0.77,0
3.85,2.95,1
2.5,3.25,1
3.15,1.93,1
0.89,1.57,0
-0.23,0.94,0
0.21,1.49,0
3.06,3.34,1
1.5,3.24,1
0.33,2.01,0
3.5,3.95,1
3.06,2.72,1
2.5,2.62,1
2.29,-0.55,0
2.68,4.03,1
2.76,3.16,1
1.96,-0.25,0
2.83,2.67,1
3.6,2.49,1
1.7,1.13,0
0.47,0.45,0
2.93,3.05,1
1.32,1.64,0
2.99,3.65,1
2.31,3.65,1
0.48,2.59,0
2.64,3.48,1
3.15,2.95,1
3.31,4.2,1
3.27,3.42,1
0.26,0.84,0
1.86,0.76,0
3.3,3.46,1
3.24,1.98,1
1.35,1.42,0
3.36,2.51,1
2.66,4.09,1
2.23,3.54,1
-0.07,0.08,0
3.48,3.42,1
2.0,2.86,1
4.22,3.65,1
2.55,1.9,1
0.87,0.95,0
1.53,2.62,0
0.05,0.99,0
3.47,2.88,1
-0.4,-0.11,0
-0.15,0.98,0
1.83,1.37,0
3.27,2.87,1
0.7,1.1,0
0.53,2.3,0
3.58,3.36,1
0.5,1.59,0
2.98,2.9,1
0.59,1.09,0
0.35,0.52,0
1.36,0.89,0
1.06,1.44,0
2.47,2.42,1
2.92,3.74,1
2.42,3.4,1
0.71,1.05,0
2.26,0.69,0
1.23,2.17,0
1.24,2.01,0
0.29,1.77,0
0.49,1.65,0
2.13,0.49,0
1.63,0.06,0
3.14,3.51,1
3.12,4.28,1
3.03,2.47,1
1.58,0.32,0
0.54,0.96,0
3.52,3.64,1
0.03,1.67,0
0.34,0.2,0
2.28,2.91,1
2.09,2.94,1
2.13,0.53,0
2.73,1.83,1
0.96,0.99,0
3.38,1.68,1
0.57,2.14,0
3.58,4.03,1
1.9,2.93,1
3.29,3.51,1
0.56,1.77,0
1.22,2.03,0
1.56,0.55,0
1.41,2.18,0
0.95,1.17,0
3.6,2.18,1
2.85,2.62,1
2.89,1.71,0
0.78,0.99,0
1.72,1.16,0
3.33,4.28,1
0.52,1.01,0
0.74,0.47,0
3.83,2.17,1
2.98,2.52,1
1.48,1.48,0
1.49,0.06,0
1.16,0.23,0
1.16,0.95,0
1.42,1.1,0
3.17,3.93,1
0.85,1.23,0
1.94,1.7,1
4.22,2.73,1
0.86,0.83,0
0.8,1.14,0
2.45,3.79,1
3.01,2.95,1
0.88,1.03,0
2.71,1.43,0
1.65,1.67,0
2.99,3.13,1
2.88,3.66,1
-0.55,0.94,0
1.25,1.59,0
3.72,3.39,1
1.29,2.32,1
2.86,1.86,1
2.75,3.63,1
0.07,0.01,0
0.4,0.31,0
3.01,3.66,1
2.08,2.5,1
2.57,1.82,1
1.53,1.92,0
3.96,3.38,1
4.0,2.45,1
1.52,0.27,0
2.92,2.9,1
3.26,2.7,1
3.49,3.21,1
1.69,3.47,1
0.95,0.27,0
2.0,1.58,0
0.75,2.06,0
1.23,2.89,0
2.87,3.41,1
3.69,2.07,1
0.3,0.45,0
0.21,1.01,0
0.74,1.35,0
0.77,1.44,0
1.34,0.93,0
2.73,2.77,1
3.2,2.8,1
1.55,-0.1,0
0.85,0.5,0
1.31,0.93,0
0.98,0.76,0
3.99,3.87,1
1.96,1.58,0
1.54,1.77,0
0.82,0.91,0
2.9,3.35,1
3.96,3.47,1
0.1,0.67,0
2.81,1.39,0
1.27,1.37,0
3.25,2.22,1
2.81,2.11,1
3.17,2.41,1
0.74,-0.62,0
3.06,4.7,1
3.25,2.32,1
-0.38,1.06,0
3.47,3.43,1
0.5,2.13,0
0.28,1.72,0
0.24,0.53,0
1.66,3.95,1
2.96,3.12,1
2.85,2.46,1
2.23,0.83,0
1.36,0.88,0
2.69,3.23,1
0.98,0.58,0
2.03,0.89,0
1.42,2.43,1
1.41,-0.18,0
3.55,2.94,1
3.29,3.35,1
0.83,0.2,0
0.13,1.51,0
1.13,1.47,0
2.18,0.74,0
2.12,0.85,0
2.41,3.0,1
3.55,3.28,1
2.6,3.07,1
0.83,0.59,0
2.92,2.38,1
1.61,-0.14,0
0.97,-0.05,0
2.8,4.04,1
1.88,1.2,1
3.32,2.38,1
2.73,3.33,1
4.07,1.73,1
-0.49,1.58,0
3.48,3.26,1
3.23,3.31,1
2.8,4.13,1
2.62,2.75,1
3.26,2.99,1
1.29,1.89,0
1.61,1.18,0
3.38,2.25,1
2.8,2.13,0
3.23,3.61,1
0.82,0.95,0
0.9,-0.46,0
0.58,0.99,0
0.86,0.78,0
3.46,3.2,1
-0.85,-0.61,0
-0.83,1.77,0
3.05,2.29,1
2.72,0.05,0
2.49,3.82,1
0.85,1.65,0
3.66,2.96,1
1.34,0.47,0
3.14,4.44,1
2.98,4.71,1
1.3,2.13,0
3.02,2.93,1
2.42,2.51,1
3.9,2.27,1
4.24,2.64,1
3.72,2.75,1
2.6,4.22,1
4.14,3.15,1
1.71,0.46,0
1.78,2.2,0
2.02,2.33,1
0.53,1.09,0
-0.01,1.19,0
3.94,2.7,1
0.83,1.09,0
0.91,1.88,0
1.79,3.46,1
0.62,0.36,0
3.47,2.66,1
3.31,3.89,1
3.02,3.65,1
-0.75,0.53,0
0.33,1.68,0
2.73,2.63,1
0.6,1.32,0
2.73,2.77,1
2.18,3.53,1
1.53,1.96,0
3.4,2.42,1
0.37,0.79,0
1.51,0.54,0
3.44,2.24,1
0.47,2.43,0
1.32,0.54,0
0.32,0.53,0
3.27,3.4,1
4.16,2.5,1
0.73,2.81,1
0.77,1.61,0
1.67,2.37,0
0.19,0.17,0
3.18,3.34,1
3.78,3.68,1
2.95,4.06,1
3.4,3.12,1
3.2,0.65,0
2.05,3.24,1
-0.09,0.16,0
3.85,2.74,1
1.5,1.27,0
1.6,0.72,0
2.72,2.08,1
2.76,3.26,1
1.66,0.42,0
3.04,3.01,1
2.05,2.0,0
1.36,0.73,0
1.36,1.41,0
3.48,2.86,1
1.77,3.84,1
2.92,2.95,1
2.28,1.13,0
0.13,2.11,0
3.61,2.21,1
1.13,1.69,0
3.63,3.03,1
2.67,1.33,1
1.95,3.34,1
0.58,-0.56,0
2.71,2.65,1
1.34,1.97,0
3.6,4.56,1
1.23,0.29,0
3.85,2.36,1
2.0,0.86,0
2.32,3.1,1
1.74,1.33,0
3.6,1.87,1
2.69,3.57,1
3.54,3.08,1
-0.55,1.48,0
-0.89,1.98,0
2.83,4.25,1
0.67,0.34,0
2.66,2.63,1
1.91,0.11,0
2.4,3.58,1
2.73,2.82,1
2.56,4.14,1
2.76,2.21,1
2.16,3.37,1
1.3,0.76,0
3.02,4.03,1
0.57,0.28,0
2.45,3.47,1
1.32,-1.0,0
3.05,2.59,1
0.23,0.03,0
1.64,1.16,0
3.35,3.47,1
0.99,1.55,0
0.59,1.15,0
2.78,3.53,1
2.87,3.04,1
4.02,2.05,1
2.0,1.67,0
1.54,4.44,1
0.15,1.48,0
1.79,2.48,1
2.41,0.84,0
1.1,0.91,0
3.58,3.15,1
0.88,0.17,0
1.33,2.46,1
0.58,0.9,0
0.26,1.15,0
2.27,4.06,1
0.75,0.06,0
1.46,0.84,0
1.97,0.28,0
2.16,0.7,0
2.33,2.84,1
2.02,0.92,0
2.73,2.36,1
3.94,2.88,1
1.48,1.78,0
3.34,1.71,1
1.82,2.95,1
0.57,1.48,0
0.37,0.83,0
1.86,3.3,1
3.18,4.82,1
4.01,2.73,1
0.83,1.54,0
3.77,3.47,1
2.27,0.84,0
3.26,2.82,1
3.24,-0.18,0
1.96,3.16,1
1.72,4.52,1
1.76,0.96,0
0.98,1.59,0
1.5,0.3,0
1.07,0.89,0
0.8,-0.03,0
1.97,-0.06,0
1.51,0.87,0
1.29,1.19,0
0.42,0.88,0
0.27,1.37,0
0.84,2.59,0
2.64,1.82,1
2.43,2.4,1
4.18,3.86,1
1.5,1.46,0
1.32,1.57,0
4.34,3.36,1
1.73,3.64,1
2.84,2.49,1
0.23,2.46,0
0.34,1.29,0
0.63,0.6,0
3.4,3.12,1
2.5,0.29,0
1.06,1.5,0
2.79,3.68,1
0.5,1.24,0
3.62,3.82,1
2.04,2.58,1
2.35,3.6,1
1.42,0.81,0
1.45,1.45,0
1.43,-0.52,0
3.63,2.53,1
1.68,1.05,0
2.31,0.71,0
1.04,1.68,0
1.44,0.52,0
1.22,1.31,0
1.33,4.31,1
1.2,1.0,0
4.33,2.35,1
1.31,1.38,0
2.54,2.52,1
3.22,3.3,1
0.81,1.18,0
4.45,3.58,1
3.67,2.79,1
2.33,3.93,1
3.09,2.78,1
2.78,2.62,1
3.2,3.03,1
1.36,1.02,0
4.44,3.35,1
2.44,3.3,1
1.61,1.91,0
2.26,3.29,1
0.24,0.4,0
-0.1,0.78,0
3.47,3.85,1
2.79,3.01,1
1.16,2.26,0
0.53,0.14,0
0.29,1.37,0
3.68,3.87,1
1.07,1.49,0
0.3,0.35,0
0.01,1.7,0
1.69,1.38,0
1.86,0.3,0
3.66,2.67,1
1.6,0.72,0
-0.35,0.65,0
1.48,0.27,0
2.1,2.32,1
2.29,-0.67,0
4.06,2.77,1
-0.29,1.15,0
0.37,1.93,0
2.19,3.61,1
4.43,3.59,1
-0.23,0.91,0
1.17,1.4,0
0.25,0.44,0
0.45,0.46,0
1.55,1.15,0
3.19,2.54,1
1.5,1.62,0
0.99,1.25,0
1.26,-0.12,0
3.44,2.65,1
3.23,2.97,1
2.69,2.73,1
2.78,3.22,1
-0.05,-0.37,0
0.1,0.89,0
3.03,3.01,1
-0.19,1.89,0
2.14,2.11,1
2.93,1.51,1
2.13,3.51,1
-0.05,1.93,0
2.37,3.45,1
-0.38,0.84,0
0.83,1.17,0
3.1,3.32,1
2.45,3.15,1
1.27,0.27,0
1.62,2.89,1
2.41,3.19,1
4.72,3.2,1
3.56,2.81,1
1.08,1.95,0
1.03,1.02,0
2.68,0.63,0
2.79,2.4,1
2.47,3.43,1
2.0,3.07,1
0.09,-0.19,0
1.11,0.36,0
0.54,0.35,0
0.75,1.27,0
2.72,2.23,1
1.48,1.16,0
2.33,0.78,0
0.82,1.28,0
2.41,0.5,0
2.88,2.33,1
1.74,0.87,0
1.76,0.58,0
2.79,2.64,1
3.05,2.58,1
2.07,3.91,1
1.98,1.92,1
0.31,1.15,0
2.97,2.6,1
2.45,1.29,0
1.03,0.61,0
0.76,1.84,0
1.96,3.13,1
0.91,-0.27,0
0.8,0.96,0
0.62,1.96,0
0.29,0.68,0
3.72,2.36,1
1.15,-0.29,0
3.22,1.06,1
0.31,1.67,0
2.47,2.63,1
1.13,2.13,0
0.89,0.58,0
0.9,0.09,0
2.98,2.61,1
4.33,3.89,1
2.47,3.38,1
4.06,2.86,1
0.29,1.45,0
1.91,3.56,1
1.58,0.53,0
3.29,3.03,1
1.64,2.85,0
3.72,3.91,1
3.74,3.98,1
0.3,0.79,0
3.13,1.39,1
1.93,1.54,0
4.37,2.89,1
1.5,2.19,0
3.06,2.58,1
2.73,2.91,1
1.48,1.97,0
3.32,3.71,1
1.83,1.62,0
0.63,1.1,0
-1.03,1.03,0
0.09,1.61,0
0.69,1.69,0
0.5,-0.77,0
