feature1,feature2,target
2.38,2.84,1
0.8,0.79,0
0.96,1.65,0
0.56,0.7,0
2.63,1.74,1
1.58,1.16,0
1.12,1.49,0
2.03,2.56,1
1.47,0.78,0
2.29,3.33,1
1.49,1.07,0
0.56,0.03,0
1.11,0.44,0
2.9,2.38,1
0.63,1.52,0
-0.29,1.55,0
3.97,3.51,1
2.18,1.27,1
0.89,1.66,0
3.08,3.89,1
3.37,3.55,1
2.96,2.89,1
2.62,3.68,1
3.89,3.5,1
3.99,2.42,1
0.32,0.57,0
1.78,1.07,0
3.26,3.97,1
0.23,0.66,0
3.89,2.76,1
3.78,2.27,1
-0.38,0.33,0
2.95,3.01,1
1.04,1.43,0
4.43,2.52,1
0.46,0.71,0
0.96,1.9,0
0.5,1.81,0
3.33,2.77,1
2.85,3.2,1
1.1,3.56,1
3.43,2.77,1
2.31,0.57,0
3.51,4.96,1
4.95,3.61,1
0.55,0.88,0
2.21,2.95,1
4.44,2.4,1
2.96,2.44,1
1.22,0.84,0
3.33,3.39,1
2.19,2.5,1
1.38,0.65,0
0.25,0.71,0
0.66,-0.4,0
1.14,0.53,0
0.92,0.85,0
3.02,3.63,1
0.36,2.47,0
3.69,3.66,1
1.65,0.84,0
3.28,2.62,1
0.2,0.71,0
2.83,3.28,1
0.7,-0.38,0
2.9,2.32,1
2.94,2.94,1
2.04,3.73,1
3.06,1.4,0
2.44,4.09,1
4.36,3.54,1
2.1,3.62,1
3.52,3.05,1
3.47,2.56,1
1.86,1.52,0
1.98,3.13,1
3.6,2.5,1
3.02,2.18,1
1.87,0.36,0
4.5,2.44,1
3.4,3.87,1
3.32,2.03,1
2.94,3.52,1
2.18,1.36,0
3.49,3.17,1
-0.22,0.02,0
2.52,-0.47,0
0.94,0.6,0
2.11,3.45,1
4.48,3.77,1
3.17,3.64,1
3.8,3.0,1
1.02,1.04,0
1.67,0.61,0
3.99,3.32,1
0.97,1.23,0
-0.05,-0.34,0
0.87,-0.02,0
1.26,1.29,0
0.46,1.42,0
3.81,4.33,1
1.06,1.26,0
1.29,0.86,0
3.67,3.33,1
1.76,0.1,0
2.9,3.0,1
3.44,3.11,1
1.55,0.95,0
1.27,1.33,0
0.43,1.34,0
3.93,2.68,1
1.33,1.86,0
4.55,2.14,1
3.81,4.17,1
0.86,0.33,0
3.17,1.8,1
2.9,2.22,1
1.89,4.1,1
3.17,3.58,1
1.66,0.99,0
0.32,0.98,0
1.39,0.69,0
2.17,2.55,1
2.84,1.65,1
0.22,1.27,0
0.41,0.1,0
2.99,2.25,1
3.09,4.41,1
3.98,4.23,1
1.18,1.49,0
2.37,3.22,1
3.27,3.49,1
2.75,2.44,1
2.11,2.7,1
1.14,0.73,0
0.67,1.88,0
2.06,2.31,0
-0.26,1.56,0
5.18,2.33,1
2.54,2.89,1
2.49,3.44,1
1.2,1.18,0
0.85,1.5,0
3.81,2.81,1
2.42,3.91,1
2.72,3.14,1
3.06,3.6,1
2.64,2.07,1
1.64,2.89,1
2.48,1.69,1
1.36,0.39,0
1.29,0.88,0
1.23,1.24,0
2.56,3.01,1
3.42,3.26,1
1.2,0.24,0
3.87,4.38,1
3.52,3.43,1
1.13,0.81,0
2.1,-0.29,0
3.39,2.37,1
0.99,2.49,0
0.97,1.35,0
3.67,2.25,1
2.97,3.04,1
2.86,4.07,1
1.0,0.31,0
1.77,0.47,0
1.62,2.83,1
0.54,-0.09,0
0.78,1.14,0
3.07,4.52,1
1.13,1.3,0
3.4,3.16,1
4.44,3.32,1
1.5,1.44,0
2.12,0.48,0
2.7,2.51,1
3.38,2.06,1
2.95,2.56,1
4.21,2.53,1
2.95,4.64,1
1.06,1.25,0
3.28,3.85,1
1.05,1.23,0
3.82,3.23,1
1.24,0.38,0
-0.03,0.43,0
0.75,1.23,0
2.9,3.18,1
1.3,0.93,0
1.04,1.15,0
1.32,2.06,1
2.49,3.24,1
2.5,2.25,1
0.92,1.93,0
3.19,3.3,1
2.33,1.74,0
-0.31,0.72,0
2.58,2.52,1
3.86,3.3,1
2.29,2.68,1
0.33,1.01,0
4.79,3.08,1
1.39,1.07,0
2.43,1.72,1
3.55,4.18,1
2.53,0.28,0
2.82,4.05,1
3.95,2.01,1
0.87,-0.84,0
3.2,2.0,1
2.52,3.17,1
2.94,3.09,1
0.16,0.87,0
1.61,0.76,0
1.44,-0.19,0
0.95,1.3,0
0.82,0.94,0
4.07,3.29,1
0.12,0.97,0
2.12,3.15,1
2.84,2.46,1
2.67,3.66,1
1.36,1.51,0
2.04,3.27,1
3.21,2.05,1
0.56,0.71,0
1.79,2.11,1
0.82,-0.44,0
-0.01,0.41,0
2.76,2.65,1
2.66,3.02,1
2.05,2.19,0
2.47,2.62,1
3.85,2.32,1
0.21,0.36,0
3.2,3.04,1
2.93,2.34,1
-0.03,0.16,0
1.44,0.41,0
2.43,2.99,1
1.21,0.41,0
0.6,1.35,0
3.72,2.26,1
0.73,0.34,0
2.55,2.69,1
2.25,3.92,1
1.9,1.05,0
1.46,1.12,0
0.61,0.43,0
0.15,1.2,0
0.8,-0.3,0
2.03,1.25,0
2.84,1.26,1
3.83,2.91,1
0.38,-0.09,0
3.13,3.12,1
0.08,1.82,0
0.87,1.01,0
3.86,4.06,1
1.45,0.37,0
3.21,2.77,1
2.98,4.12,1
2.43,3.17,1
4.22,3.48,1
3.42,4.12,1
2.79,3.43,1
1.0,1.06,0
1.43,0.79,0
3.23,3.18,1
0.36,1.77,0
1.78,2.31,1
4.01,2.87,1
3.18,3.37,1
2.52,3.59,1
1.14,4.05,1
1.18,1.39,0
1.45,2.54,0
2.93,2.4,1
1.23,0.78,0
2.06,3.49,1
3.61,3.15,1
2.14,1.66,0
0.71,0.94,0
0.82,0.02,0
3.51,2.14,1
1.41,0.32,0
3.87,3.46,1
3.22,4.77,1
4.14,2.97,1
1.97,0.45,0
2.85,3.1,1
2.06,3.36,1
2.35,2.97,1
4.46,2.87,1
3.73,3.15,1
3.2,2.51,1
1.35,0.41,0
2.92,2.92,1
1.11,2.03,0
0.83,1.05,0
3.45,3.84,1
2.68,2.92,1
1.74,2.13,0
1.87,1.25,0
2.44,1.16,0
0.56,1.41,0
0.64,1.13,0
0.68,-0.22,0
2.14,1.91,0
0.83,1.87,0
-0.55,1.82,0
1.07,1.88,0
3.81,2.93,1
2.15,2.99,1
2.16,3.91,1
-0.7,1.46,0
0.75,1.59,0
0.85,0.84,0
1.52,2.94,1
1.95,1.15,0
0.5,0.25,0
2.71,3.77,1
4.25,1.77,1
1.38,1.52,0
0.21,2.07,0
4.15,3.02,1
2.13,0.33,0
1.93,2.86,1
2.03,0.85,0
-1.09,0.67,0
0.87,0.92,0
0.06,1.44,0
4.1,4.06,1
3.42,3.53,1
2.07,0.57,0
3.19,3.21,1
-0.16,0.77,0
3.28,3.28,1
1.33,1.15,0
2.02,2.84,1
0.97,1.0,0
2.94,2.99,1
1.28,1.77,0
2.64,3.22,1
3.28,3.2,1
0.46,0.02,0
3.84,3.18,1
3.8,2.46,1
0.41,1.73,0
3.63,3.45,1
4.33,3.04,1
2.99,2.99,1
-0.06,1.2,0
2.91,2.8,1
1.52,1.09,0
1.66,1.92,0
1.06,0.53,0
2.92,3.07,1
4.61,3.18,1
1.9,2.24,1
2.99,2.8,1
0.29,0.76,0
3.5,2.12,1
2.86,3.27,1
2.19,1.65,1
3.56,3.04,1
2.61,2.61,1
1.9,3.89,1
0.86,1.15,0
3.12,3.27,1
0.29,-0.23,0
3.19,3.74,1
3.14,1.97,1
3.86,2.76,1
0.53,1.14,0
0.93,1.13,0
1.09,1.12,0
3.33,2.89,1
0.45,0.43,0
2.94,3.79,1
0.47,0.97,0
2.76,2.86,1
0.64,0.15,0
3.58,2.98,1
1.13,1.67,0
2.55,3.13,1
2.61,2.92,1
0.57,1.0,0
3.15,2.82,1
3.1,2.96,1
2.18,3.12,1
3.43,2.56,1
3.1,3.37,1
2.73,2.46,1
0.57,1.67,0
1.32,1.21,0
3.08,2.88,1
2.95,1.08,1
3.5,3.14,1
1.0,0.75,0
1.39,1.15,0
0.69,0.43,0
2.12,2.17,1
0.94,0.3,0
0.59,0.82,0
1.34,0.59,0
3.99,4.17,1
0.8,0.83,0
1.27,1.1,0
2.53,4.61,1
-0.34,0.6,0
2.69,3.43,1
3.96,3.28,1
1.8,1.28,0
0.33,1.68,0
-0.11,1.21,0
2.21,2.75,1
4.16,3.23,1
0.75,0.17,0
1.04,1.07,0
2.41,2.73,1
1.4,0.97,0
2.68,2.85,1
1.04,0.77,0
0.12,0.02,0
1.1,0.97,0
1.42,1.05,0
0.58,1.39,0
0.78,1.65,0
3.47,3.48,1
1.47,3.21,1
3.21,2.08,1
1.83,1.03,0
1.38,0.86,0
0.66,1.83,0
1.16,0.93,0
0.67,0.5,0
0.8,1.4,0
3.2,1.23,1
3.86,2.66,1
2.91,3.05,1
2.34,3.59,1
3.43,2.5,1
1.0,1.48,0
2.86,3.62,1
2.25,2.48,1
1.36,0.67,0
2.68,1.9,1
4.55,2.65,1
2.41,2.51,1
1.41,0.73,0
1.73,0.7,0
2.01,4.11,1
2.86,2.38,1
1.28,0.88,0
2.71,3.31,1
0.03,1.19,0
2.52,4.08,1
2.46,3.1,1
4.29,1.78,1
1.38,0.31,0
0.81,0.71,0
0.66,1.34,0
0.3,2.18,0
0.61,1.19,0
0.75,0.71,0
3.24,1.99,1
2.9,3.16,1
-0.25,1.35,0
3.01,2.67,1
0.08,-0.33,0
0.19,1.26,0
2.97,2.98,1
1.02,0.57,0
2.34,2.08,1
1.13,1.53,0
0.63,1.36,0
1.01,2.14,0
1.99,2.57,1
0.62,1.03,0
0.72,1.02,0
2.1,1.18,0
1.16,1.7,0
0.32,0.64,0
2.86,3.51,1
2.32,0.64,0
3.06,2.83,1
4.15,2.6,1
0.99,1.53,0
0.65,0.13,0
1.99,0.15,0
1.17,1.47,0
1.89,0.56,0
0.1,0.25,0
2.56,2.85,1
3.43,3.14,1
0.07,-0.54,0
2.61,2.91,1
2.67,2.68,1
1.99,3.53,1
-0.12,1.29,0
2.73,2.58,1
0.45,0.93,0
2.58,2.42,1
2.69,4.03,1
1.26,0.83,0
0.47,1.32,0
4.06,3.36,1
0.26,0.85,0
0.54,1.33,0
0.61,0.96,0
2.11,3.07,1
2.91,3.3,1
0.85,-0.33,0
0.57,2.15,0
4.47,2.97,1
0.98,1.92,0
4.19,2.62,1
2.72,4.71,1
2.26,2.51,1
3.65,3.85,1
3.46,3.81,1
-0.31,0.72,0
3.4,3.48,1
3.62,2.97,1
2.94,2.55,1
2.47,3.8,1
1.76,1.02,0
3.23,2.32,1
1.35,1.33,0
2.24,1.49,0
3.41,3.57,1
0.68,1.87,0
3.57,1.98,1
1.12,2.17,0
0.49,1.02,0
0.51,0.19,0
1.23,0.33,0
2.21,1.19,0
1.14,1.86,0
-0.1,1.09,0
0.81,1.13,0
2.41,3.62,1
4.08,2.45,1
3.95,3.43,1
2.83,2.48,1
1.73,1.6,0
1.01,0.61,0
0.29,1.41,0
2.71,0.74,0
2.53,1.99,1
0.36,1.16,0
0.54,0.52,0
3.11,3.37,1
3.02,3.7,1
0.55,0.24,0
0.23,1.34,0
1.99,0.51,0
3.69,3.87,1
3.23,4.12,1
1.21,2.37,0
0.19,1.82,0
2.44,3.91,1
2.9,1.77,0
2.22,2.18,0
2.04,-0.51,0
3.8,3.5,1
2.96,3.34,1
1.57,1.96,0
1.84,2.17,1
3.33,2.6,1
1.63,4.11,1
2.5,3.91,1
3.31,5.08,1
4.04,2.97,1
1.23,-0.32,0
0.47,0.52,0
2.49,3.66,1
2.21,0.74,0
0.32,1.46,0
0.58,2.67,0
0.89,0.97,0
0.7,0.9,0
2.26,2.61,1
1.93,2.89,1
2.81,1.42,0
2.18,3.93,1
2.81,3.24,1
0.04,-1.05,0
1.6,3.78,1
-0.4,-0.11,0
2.27,0.94,0
4.06,1.98,1
4.37,2.54,1
2.34,3.64,1
3.32,2.83,1
2.12,2.9,1
0.37,0.65,0
1.7,2.33,1
2.31,1.48,0
1.01,1.09,0
3.23,3.93,1
2.16,2.07,1
0.94,1.74,0
2.83,4.11,1
2.66,4.59,1
0.91,0.17,0
3.07,2.57,1
3.42,2.99,1
-0.4,0.62,0
1.43,1.16,0
2.57,3.18,1
2.4,0.96,0
4.29,3.75,1
1.68,0.93,0
3.4,3.65,1
0.84,0.9,0
0.66,0.62,0
1.12,0.88,0
1.15,1.54,0
4.26,4.13,1
1.39,-0.36,0
0.33,1.61,0
2.51,2.94,1
3.59,1.64,1
0.22,-0.17,0
2.98,3.17,1
1.5,1.35,0
3.24,3.31,1
0.18,0.39,0
3.42,2.63,1
2.89,2.36,1
3.47,2.46,1
3.26,3.08,1
1.55,0.03,0
0.91,0.85,0
3.13,2.26,1
2.16,0.92,0
2.56,4.08,1
0.96,-0.38,0
3.73,3.13,1
3.61,2.74,1
2.18,3.05,1
0.31,0.8,0
0.33,2.64,0
3.43,2.32,1
0.61,0.82,0
3.66,3.27,1
3.69,2.72,1
3.24,2.49,1
1.28,1.67,0
2.77,2.23,1
2.11,3.76,1
1.49,2.59,0
2.98,3.73,1
0.55,1.13,0
1.47,0.97,0
-0.81,0.82,0
2.26,1.12,0
3.43,2.61,1
2.56,3.44,1
0.6,1.91,0
2.65,3.5,1
0.93,1.35,0
3.3,3.45,1
3.42,2.41,1
1.79,2.33,0
1.46,0.66,0
2.99,4.09,1
3.04,1.82,1
0.58,0.89,0
2.72,3.13,1
2.17,3.54,1
0.96,1.02,0
3.37,3.04,1
0.58,0.53,0
0.87,0.5,0
1.06,1.67,1
2.41,3.36,1
3.93,3.31,1
2.7,3.55,1
4.08,3.07,1
1.15,0.3,0
3.22,3.22,1
3.57,3.65,1
3.15,2.9,1
3.66,3.22,1
0.09,1.71,0
0.96,1.66,0
1.11,1.19,0
0.69,0.69,0
3.6,3.31,1
1.25,1.01,0
2.53,3.04,1
3.38,2.19,1
-0.06,-0.15,0
3.41,4.48,1
0.67,1.11,0
0.91,0.66,0
0.58,2.31,0
1.79,2.53,1
0.07,0.56,0
3.45,3.05,1
1.36,2.07,0
2.06,1.17,0
3.91,3.75,1
0.62,0.59,0
3.56,4.24,1
-0.19,2.08,0
2.72,2.41,1
2.73,3.33,1
2.44,1.93,1
1.14,1.1,0
0.83,1.09,0
2.3,1.02,0
0.56,0.89,0
2.37,1.68,0
1.46,2.3,0
0.6,0.24,0
-0.51,1.54,0
1.98,0.52,0
3.39,2.5,1
1.31,1.89,0
2.73,3.86,1
0.69,1.1,0
0.63,0.87,0
1.51,-0.62,0
3.74,2.59,1
1.07,1.95,0
0.84,1.1,0
1.69,1.8,0
1.24,1.03,0
1.19,1.5,0
2.8,3.53,1
2.9,3.12,1
1.35,1.01,0
4.02,3.88,1
2.36,3.58,1
4.54,2.25,1
1.4,1.35,0
2.77,3.31,1
1.57,2.78,0
2.22,3.03,1
3.38,4.65,1
-0.74,1.08,0
0.19,1.63,0
1.17,1.37,0
2.9,1.67,1
1.84,0.35,0
0.84,1.43,0
0.47,-0.61,0
4.09,2.57,1
4.1,3.37,1
1.48,0.76,0
2.09,1.51,0
-0.37,0.4,0
3.41,1.77,1
0.3,0.61,0
0.39,0.21,0
3.57,3.09,1
1.98,2.54,1
1.64,2.36,0
3.11,2.66,1
0.54,-0.06,0
1.41,1.89,0
2.73,4.08,1
3.89,3.54,1
0.78,1.1,0
2.37,4.28,1
3.29,1.86,1
2.66,3.64,1
1.21,-0.68,0
3.16,3.29,1
0.35,0.57,0
3.27,2.75,1
3.22,2.17,1
3.01,3.37,1
0.4,2.43,0
2.1,1.14,0
2.29,0.57,0
0.49,0.66,0
0.96,0.08,0
2.23,2.63,0
0.61,0.86,0
2.25,2.74,1
0.61,0.81,0
1.49,1.16,0
2.97,3.61,1
1.46,1.9,0
1.45,0.82,0
1.44,1.73,0
1.06,1.76,0
-0.02,2.68,0
0.95,1.04,0
1.56,0.93,0
-0.23,0.52,0
3.24,4.2,1
2.0,2.58,1
1.18,1.32,0
3.03,3.31,1
2.46,0.83,0
3.17,2.52,1
3.06,3.4,1
3.09,2.85,1
1.44,1.55,0
3.5,2.93,1
3.58,3.01,1
1.25,0.84,0
3.21,2.43,1
-0.09,2.46,0
3.29,3.25,1
2.31,3.52,1
0.71,-0.26,0
4.15,2.75,1
0.81,1.76,0
3.11,2.49,1
3.94,3.91,1
0.84,0.81,0
3.03,1.92,1
1.26,1.09,0
3.07,2.91,1
1.26,1.96,0
2.06,-0.77,0
2.75,2.36,0
0.67,0.5,0
3.82,3.0,1
0.31,1.71,0
1.12,2.32,0
0.33,0.58,0
1.63,2.43,1
0.2,1.86,0
0.13,1.35,0
3.84,2.57,1
1.49,0.56,0
1.89,1.62,0
1.01,1.03,0
3.21,2.47,1
2.35,2.56,1
1.31,0.21,0
1.83,3.95,1
3.05,3.13,1
2.5,2.73,1
2.44,1.02,0
3.21,3.24,1
1.84,0.11,0
0.85,1.16,0
2.78,3.46,1
1.91,3.58,1
2.7,2.94,1
1.41,-0.41,0
3.07,2.21,1
1.65,2.59,1
2.29,2.01,1
0.2,0.99,0
2.71,3.76,1
1.29,0.9,0
0.77,0.65,0
0.9,2.27,0
3.94,3.31,1
2.98,3.9,1
-0.22,1.27,0
0.95,0.31,0
1.06,2.01,0
-0.12,0.83,0
2.31,3.07,1
3.15,3.44,1
0.9,0.32,0
3.48,3.38,1
2.02,2.85,1
1.85,0.69,0
2.74,3.7,1
1.72,0.31,0
0.78,2.45,0
2.39,2.85,1
0.61,1.0,0
0.81,1.7,0
3.19,3.66,1
2.59,2.85,1
2.75,3.03,1
2.77,2.28,1
2.3,2.34,1
0.33,0.46,0
1.53,0.06,0
1.7,1.49,0
3.4,2.14,1
2.79,2.28,1
3.47,3.17,1
4.0,2.92,1
1.29,1.23,0
-0.13,1.67,0
3.47,2.7,1
1.71,1.36,0
0.77,0.65,0
1.53,0.63,0
0.14,1.15,0
2.57,2.71,1
1.07,0.79,0
2.02,2.04,1
1.77,2.99,1
-0.07,1.34,0
2.11,0.75,0
2.74,3.53,1
2.92,2.98,1
3.89,4.23,1
3.27,3.63,1
2.13,2.57,1
0.98,1.22,0
2.99,2.19,1
2.91,2.62,1
1.62,-1.03,0
0.3,1.02,0
2.72,2.16,1
1.83,-0.06,0
4.03,3.08,1
2.52,2.16,1
1.52,1.51,0
1.28,1.81,0
1.8,0.42,0
1.57,1.6,0
3.02,2.42,1
1.32,0.84,0
2.95,2.83,1
3.1,3.68,1
4.12,0.68,1
1.09,0.49,0
4.31,1.28,1
1.09,0.59,0
1.61,3.16,1
3.48,3.12,1
3.27,2.93,1
1.32,0.6,0
1.32,0.92,0
2.36,3.93,1
2.18,3.02,1
2.88,4.18,1
3.49,3.15,1
2.36,3.93,1
2.47,4.4,1
0.37,0.94,0
0.61,1.85,0
-0.42,2.07,0
-0.34,1.07,0
2.51,4.26,1
1.0,1.38,0
0.66,1.75,0
3.23,3.01,1
1.21,1.13,0
1.12,1.06,0
-1.03,0.74,0
1.99,0.87,0
1.6,0.8,0
1.9,1.3,0
1.59,-0.06,0
0.41,1.37,0
2.08,2.12,0
0.21,0.92,0
3.58,3.63,1
2.7,4.21,1
1.64,0.04,0
1.04,0.58,0
0.7,1.9,0
0.35,1.22,0
2.36,3.6,1
2.87,3.13,1
1.8,2.71,1
1.08,1.22,0
-0.61,2.19,0
1.35,0.46,0
1.35,0.69,0
2.43,3.22,1
1.28,0.75,0
3.84,2.62,1
0.88,1.48,0
2.93,2.91,1
0.53,0.3,0
2.8,2.92,1
1.69,0.62,0
3.19,2.41,1
0.45,1.7,0
2.75,3.38,1
1.0,0.71,0
1.38,0.92,0
2.39,2.11,0
1.22,1.9,0
3.45,2.77,1
3.99,2.16,1
2.74,2.31,1
4.17,4.02,1
2.0,2.04,1
1.68,1.0,0
3.84,2.8,1
1.03,0.14,0
2.54,3.66,1
1.39,0.12,0
0.23,0.37,0
2.34,3.21,1
1.73,0.49,0
4.04,3.82,1
2.66,2.94,1
2.26,0.98,0
2.17,2.16,1
0.95,1.66,0
0.74,0.7,0
0.37,-0.7,0
2.63,4.27,1
3.28,2.32,1
2.38,2.65,1
4.16,2.86,1
1.62,1.54,0
1.15,1.24,0
0.12,0.87,0
2.5,3.12,1
1.85,2.32,1
0.03,-0.03,0
3.75,2.97,1
1.42,2.25,0
3.56,2.91,1
4.04,4.84,1
2.16,0.72,0
-0.39,1.58,0
2.17,0.88,0
0.97,2.98,0
3.2,2.92,1
2.31,4.9,1
1.7,0.47,0
1.44,0.64,0
3.75,3.77,1
0.35,0.54,0
2.78,2.31,1
0.87,-0.18,0
0.69,1.01,0
0.64,1.83,0
-0.23,1.02,0
2.52,3.32,1
1.65,2.45,1
2.05,4.05,1
0.86,2.01,0
0.42,0.85,0
4.29,4.3,1
1.14,1.56,0
1.78,1.68,0
1.34,3.04,1
2.21,-0.42,0
1.17,0.72,0
1.31,1.09,0
3.85,0.88,1
0.74,-0.1,0
1.53,0.61,0
1.56,4.12,1
1.32,0.56,0
0.46,1.6,0
1.56,3.28,1
1.48,2.97,0
2.0,3.17,1
3.62,2.56,1
1.56,0.97,0
2.29,2.74,1
2.03,2.11,0
2.19,1.13,0
2.86,3.55,1
3.14,3.66,1
2.24,0.87,0
3.04,2.07,1
0.98,1.06,0
1.14,0.8,0
3.7,1.36,1
3.62,1.82,1
0.71,1.32,0
3.07,4.51,1
2.47,2.79,1
3.45,2.81,1
0.31,1.43,0
4.08,3.07,1
1.19,2.81,0
3.6,2.94,1
0.88,1.84,0
2.31,4.37,1
3.12,2.95,1
1.32,1.1,0
2.91,2.5,1
2.99,2.57,1
1.84,1.04,0
3.6,3.18,1
-0.21,1.9,0
3.18,2.84,1
1.6,2.43,0
3.16,2.75,1
3.86,3.62,1
1.15,0.46,0
2.96,2.82,1
3.28,2.62,1
1.5,2.52,0
3.29,2.01,1
4.04,3.26,1
4.26,1.94,1
2.21,2.39,1
3.27,2.92,1
1.01,1.35,0
0.87,1.12,0
2.66,4.5,1
0.55,1.5,0
1.96,2.72,1
3.68,3.34,1
3.21,3.83,1
0.77,1.07,0
3.74,3.61,1
1.11,0.94,0
3.73,5.3,1
3.34,5.04,1
3.02,3.44,1
3.16,4.26,1
2.25,3.78,1
0.99,0.45,0
3.06,2.94,1
1.46,-0.14,0
1.26,1.43,0
0.35,0.29,0
3.5,3.16,1
1.78,1.0,0
0.91,1.63,0
1.96,0.76,0
3.44,3.49,1
2.31,2.66,1
2.24,0.72,0
0.34,0.04,0
2.99,2.24,1
2.83,2.55,1
1.05,0.92,0
1.67,1.22,0
1.4,1.4,0
2.52,2.92,1
0.62,0.03,0
1.26,1.77,0
1.89,4.06,1
2.49,3.09,1
2.26,3.91,1
0.58,1.59,0
3.97,2.8,1
0.86,0.77,0
3.03,3.08,1
2.97,4.05,1
3.38,2.32,1
2.81,2.68,1
0.87,-0.54,0
3.51,4.05,1
3.29,2.42,1
2.08,2.31,1
1.58,0.85,0
0.46,0.27,0
3.45,3.48,1
0.08,2.04,0
0.55,1.72,0
4.21,3.1,1
1.88,3.08,1
-0.14,0.75,0
0.89,1.7,0
2.8,3.32,1
1.8,0.17,0
1.91,3.95,1
2.95,3.13,1
2.61,2.64,1
0.88,2.74,0
2.19,0.99,0
0.73,0.68,0
0.38,0.57,0
1.59,1.01,0
2.15,3.1,1
1.3,1.95,0
0.28,-0.59,0
0.02,0.04,0
1.09,0.65,0
2.72,3.15,1
0.68,1.68,0
2.34,3.42,1
1.34,0.11,0
0.97,2.32,0
0.4,1.02,0
0.57,1.63,0
4.43,2.55,1
3.1,2.42,1
3.27,3.26,1
3.79,3.5,1
-0.19,0.21,0
1.01,0.87,0
2.44,2.28,1
1.21,-0.36,0
3.16,2.32,1
0.0,0.96,0
0.92,1.89,0
4.04,2.71,1
0.8,1.08,0
3.93,2.51,1
2.25,1.4,1
1.87,0.7,0
3.19,3.67,1
2.5,0.24,0
3.67,2.54,1
2.83,4.42,1
3.24,2.88,1
2.96,2.6,1
-1.04,1.05,0
2.01,3.63,1
-0.05,-0.98,0
2.08,0.35,0
1.37,0.91,0
0.3,1.28,0
0.2,1.45,0
3.13,2.8,1
1.92,2.75,1
0.41,1.27,0
3.63,2.01,1
3.22,2.7,1
0.3,1.06,0
1.59,1.23,0
3.44,3.36,1
0.71,-0.77,0
3.52,2.94,1
0.27,0.83,0
4.29,3.01,1
2.23,2.67,1
1.28,0.75,0
0.59,1.07,0
0.52,0.8,0
2.04,2.2,1
3.15,3.55,1
0.62,0.6,0
1.58,1.74,0
3.63,3.72,1
1.18,1.38,0
2.08,2.9,1
3.66,3.02,1
2.62,1.73,1
0.12,0.66,0
0.01,0.45,0
3.62,3.07,1
2.64,2.87,1
1.33,3.56,1
1.72,0.39,0
1.38,1.58,0
2.65,3.35,1
4.45,2.82,1
3.25,3.02,1
2.8,2.77,1
0.93,-0.7,0
2.63,4.11,1
1.7,0.41,0
3.73,2.08,1
1.84,0.64,0
3.78,2.78,1
0.51,0.28,0
3.89,3.25,1
0.34,1.23,0
3.75,2.68,1
1.18,1.37,0
3.32,3.44,1
1.17,2.61,0
0.34,0.19,0
-0.2,1.18,0
2.73,2.68,1
0.66,0.6,0
-1.11,0.71,0
3.96,2.86,1
0.78,0.82,0
3.55,2.14,1
0.74,1.09,0
1.87,3.11,1
1.13,2.75,0
2.65,2.93,1
1.96,3.27,1
1.84,1.92,0
-0.25,2.07,0
1.21,0.72,0
3.64,1.33,1
2.89,2.46,1
0.9,0.62,0
1.34,0.02,0
1.65,0.72,0
2.75,2.22,1
2.17,2.24,1
0.82,0.44,0
1.53,1.87,0
0.07,1.16,0
1.75,0.99,0
1.29,3.21,0
1.2,0.83,0
2.88,2.32,1
3.34,2.99,1
2.84,1.41,0
0.6,0.46,0
3.26,2.78,1
2.92,2.97,1
2.62,2.3,1
2.78,2.59,1
3.08,2.54,1
0.26,0.09,0
4.18,2.69,1
3.89,2.99,1
2.29,3.94,1
3.06,3.02,1
0.67,2.93,0
1.48,0.32,0
4.08,1.99,1
1.02,1.3,0
1.02,0.56,0
0.68,1.57,0
1.05,1.74,0
2.64,3.08,1
1.34,1.7,0
3.74,0.96,1
1.19,-0.01,0
3.01,2.69,1
0.97,1.21,0
0.63,0.67,0
2.85,1.95,1
2.21,2.43,1
3.16,3.48,1
1.77,2.4,1
0.04,1.2,0
3.18,2.73,1
0.28,-0.22,0
1.71,3.24,1
2.96,2.86,1
0.22,0.63,0
2.66,2.85,1
3.45,2.99,1
2.89,1.82,1
2.13,1.3,0
2.23,2.33,1
1.66,1.29,0
4.11,3.32,1
2.78,2.68,1
2.97,2.63,1
1.07,1.35,0
3.74,3.97,1
1.24,1.11,0
0.85,1.0,0
3.79,2.24,1
0.3,1.74,0
3.15,2.68,1
1.51,0.54,0
3.99,3.25,1
1.11,0.57,0
0.37,2.07,0
0.04,0.37,0
1.26,2.47,0
3.04,3.35,1
0.12,-0.24,0
0.49,1.83,0
1.09,2.22,0
3.92,3.63,1
0.14,1.1,0
0.96,1.84,0
2.08,-0.06,0
2.06,0.17,0
1.02,0.04,0
1.34,1.78,0
0.18,-0.46,0
4.72,2.21,1
1.76,1.67,0
-0.77,0.09,0
3.17,3.29,1
2.33,1.51,0
1.34,0.42,0
1.44,-0.3,0
0.28,1.95,0
-0.49,0.97,0
2.68,2.09,1
3.27,2.85,1
3.23,1.76,1
2.06,2.8,1
2.65,2.37,1
2.79,2.39,1
4.34,1.4,1
1.89,1.23,0
1.69,0.22,0
1.31,1.7,0
1.26,0.96,0
0.87,0.79,0
0.5,0.58,0
3.1,3.79,1
1.39,2.39,0
1.12,1.14,0
0.95,0.76,0
1.89,1.45,0
3.31,2.47,1
1.18,-0.45,0
3.07,3.22,1
2.78,2.34,1
2.5,2.6,1
2.14,1.0,0
3.11,2.21,1
1.43,0.42,0
3.32,2.87,1
3.7,2.59,1
0.63,-0.41,0
1.27,0.2,0
2.28,3.94,1
2.43,2.67,1
1.03,-0.92,0
4.82,2.88,1
3.65,3.28,1
1.08,1.11,0
2.21,3.38,1
0.05,1.37,0
1.05,2.34,0
3.92,2.6,1
0.27,1.58,0
0.68,0.48,0
0.54,2.08,0
0.93,1.23,0
1.14,1.61,0
1.08,1.35,0
3.78,3.05,1
2.86,2.92,1
3.25,2.44,1
1.98,2.0,1
3.28,3.68,1
0.85,0.73,0
1.16,-0.52,0
3.12,2.96,1
2.56,3.7,1
2.26,3.81,1
3.05,3.98,1
2.92,2.73,1
3.35,3.76,1
0.98,2.07,0
3.45,1.68,1
1.51,0.02,0
1.22,0.56,0
2.59,2.8,1
2.97,4.35,1
4.48,2.83,1
1.52,3.23,1
0.54,1.82,0
3.64,3.16,1
0.59,1.68,0
1.58,-0.53,0
2.56,0.74,1
0.5,1.47,0
1.43,0.64,0
2.51,1.27,0
0.96,0.95,0
3.61,4.13,1
2.26,4.17,1
3.55,3.6,1
2.97,3.57,1
3.47,2.93,1
3.17,3.21,1
1.59,1.0,0
1.82,0.15,0
1.52,0.29,0
0.8,-0.08,0
1.97,3.09,1
2.85,2.91,1
1.92,0.19,0
0.15,-0.67,0
1.36,1.84,0
3.18,3.06,1
2.26,2.53,1
1.0,-0.27,0
0.09,1.59,0
0.79,0.59,0
2.35,2.19,1
0.43,0.83,0
2.35,2.89,1
2.78,2.18,1
1.53,0.41,0
1.78,-0.57,0
3.49,3.76,1
1.2,0.25,0
2.05,0.34,0
2.22,3.55,1
0.14,1.27,0
1.52,1.95,1
1.01,1.37,0
3.2,3.58,1
2.8,1.79,1
1.24,0.86,0
-0.1,1.12,0
2.89,4.09,1
0.64,0.38,0
0.19,0.15,0
1.87,1.09,0
1.04,0.58,0
0.9,1.33,0
0.44,0.77,0
3.58,3.01,1
1.57,0.81,0
0.87,1.07,0
1.1,0.93,0
0.16,1.17,0
2.56,-0.45,0
3.55,3.15,1
2.81,3.59,1
3.18,2.56,1
1.74,2.54,1
-0.27,0.35,0
0.52,0.92,0
3.1,4.16,1
1.27,2.27,0
3.34,2.86,1
0.18,0.11,0
2.1,2.34,1
1.0,1.14,0
1.73,0.43,0
0.02,1.76,0
0.42,0.51,0
1.51,0.15,0
3.66,1.95,1
1.53,2.95,1
3.14,2.39,1
3.8,2.87,1
2.94,2.02,1
0.88,0.27,0
0.27,0.38,0
1.05,1.01,0
3.8,3.35,1
2.11,2.1,1
1.68,1.16,0
4.05,3.0,1
2.37,1.01,0
-0.07,-0.11,0
-0.06,1.07,0
3.52,4.21,1
2.96,3.59,1
1.01,0.8,0
0.24,1.32,0
1.77,2.72,1
0.47,0.63,0
2.8,2.82,1
0.79,1.39,0
4.62,2.48,1
2.06,3.37,1
1.14,0.9,0
2.19,2.63,1
1.7,0.31,0
2.22,2.7,1
1.33,2.6,0
3.72,3.35,1
1.3,0.99,0
3.28,2.88,1
1.52,0.87,0
4.39,2.46,1
3.44,3.68,1
1.86,0.37,0
1.31,1.08,0
2.17,3.79,1
2.26,3.63,1
1.23,0.34,0
2.06,2.11,1
1.57,1.84,0
1.19,0.54,0
2.87,2.27,1
3.11,2.69,1
2.59,4.19,1
3.68,2.57,1
2.93,2.09,1
2.77,0.83,0
0.81,1.76,0
3.36,2.73,1
3.83,2.32,1
2.28,3.88,1
2.49,3.43,1
0.84,2.46,0
0.98,0.81,0
0.04,0.38,0
0.53,1.98,0
1.23,0.26,0
1.33,1.11,0
3.54,2.07,1
0.77,1.97,0
3.05,2.52,1
2.29,2.58,1
3.35,2.02,1
0.82,0.44,0
2.04,2.48,1
0.93,1.99,0
2.94,2.8,1
0.94,1.03,0
1.27,1.67,0
3.15,3.44,1
2.07,3.06,1
3.16,0.16,0
1.33,0.92,0
3.81,2.14,1
1.78,0.88,0
2.57,3.08,1
3.13,1.98,1
0.47,0.32,0
2.81,3.01,1
3.22,3.47,1
1.88,1.49,0
2.59,2.66,1
1.54,1.03,0
2.15,4.18,1
2.52,3.12,1
2.68,3.03,1
2.13,0.77,0
0.6,1.17,0
1.48,0.73,0
3.55,3.28,1
1.58,0.97,0
2.64,1.9,1
2.7,0.8,0
3.55,2.56,1
0.01,1.45,0
2.68,2.61,1
2.97,3.16,1
1.98,-0.13,0
2.14,3.33,1
2.99,1.59,1
0.13,0.94,0
0.99,1.24,0
2.36,2.84,1
3.56,2.85,1
3.12,2.58,1
3.1,4.08,1
1.02,1.06,0
3.13,2.61,1
2.14,3.37,1
0.85,1.64,0
4.23,3.72,1
0.54,0.84,0
2.47,4.07,1
1.29,0.66,0
0.07,0.54,0
1.53,0.92,0
1.45,3.7,1
1.55,0.99,0
0.73,0.1,0
1.28,1.28,0
3.51,2.78,1
4.12,3.79,1
4.2,3.07,1
2.77,2.55,1
2.82,3.39,1
0.92,0.89,0
1.2,-0.74,0
1.93,0.77,0
3.28,2.41,1
3.0,2.73,1
2.61,3.19,1
1.72,2.17,0
0.86,0.78,0
2.85,1.64,1
1.57,1.26,0
1.09,-0.67,0
3.68,2.91,1
0.2,1.01,0
2.42,2.93,1
1.06,0.03,0
3.49,4.13,1
2.98,3.8,1
3.48,3.13,1
2.59,2.22,1
0.41,1.58,0
3.04,2.89,1
3.29,2.05,1
0.31,0.59,0
2.59,2.43,1
1.9,3.46,1
3.31,5.36,1
2.41,0.27,0
1.19,1.29,0
3.84,3.6,1
1.78,2.41,1
1.73,1.42,0
2.62,3.63,1
2.73,3.39,1
2.14,2.74,0
0.75,1.27,0
1.29,0.82,0
3.51,1.44,1
2.07,3.2,1
0.88,1.61,0
1.04,-0.07,0
3.01,2.33,1
2.25,2.11,1
0.48,1.3,0
1.81,1.4,0
2.67,4.12,1
2.49,2.46,1
1.58,-0.09,0
0.22,-1.22,0
2.19,3.58,1
1.27,1.34,0
1.2,1.42,0
3.54,3.77,1
0.43,1.98,0
1.96,3.39,1
2.86,3.6,1
1.81,2.65,1
0.01,0.82,0
2.52,0.67,0
3.04,2.63,1
0.39,2.0,0
0.09,2.5,0
3.61,2.21,1
2.63,3.06,1
3.69,3.41,1
2.94,2.45,1
0.18,1.35,0
3.13,1.45,1
0.36,1.58,0
1.17,1.35,0
3.37,2.89,1
3.46,2.91,1
1.8,1.61,0
3.05,3.0,1
1.18,1.2,0
1.51,0.17,0
0.28,1.46,0
3.44,3.89,1
0.17,0.68,0
0.91,1.6,0
0.95,1.57,0
1.44,1.33,0
0.5,2.64,0
2.66,3.74,1
1.16,1.97,0
1.45,0.55,0
1.0,2.87,1
1.22,0.87,0
1.32,0.84,0
2.38,3.85,1
3.2,1.96,1
3.75,3.36,1
1.78,3.23,1
3.21,2.11,1
2.3,3.47,1
0.55,0.4,0
3.34,3.26,1
1.59,0.25,0
2.68,3.29,1
2.67,3.99,1
3.33,2.62,1
3.2,4.03,1
0.29,0.08,0
3.99,3.24,1
4.66,2.66,1
-0.03,-0.52,0
2.94,3.16,1
2.07,1.08,0
3.55,3.49,1
2.4,2.91,1
1.5,-0.3,0
0.9,1.86,0
3.24,2.73,1
3.81,2.95,1
2.52,3.2,1
4.05,2.25,1
4.12,3.1,1
3.75,1.27,1
2.84,2.96,1
2.07,0.3,0
3.13,2.73,1
2.97,2.69,1
3.34,3.38,1
3.44,3.19,1
0.75,1.05,0
2.06,1.37,0
2.86,2.65,1
1.22,1.44,0
0.7,0.38,0
1.19,-0.24,0
1.95,2.54,1
3.57,3.8,1
1.33,0.17,0
3.38,3.21,1
3.41,2.59,1
2.04,2.43,1
2.84,3.16,1
0.61,1.3,0
2.37,2.74,1
1.04,1.9,0
0.63,1.76,0
0.46,0.17,0
2.22,2.18,1
0.67,1.0,0
0.24,0.57,0
1.09,0.63,0
1.95,2.95,1
3.02,2.4,1
1.64,3.6,1
2.68,1.83,1
3.39,1.41,1
3.89,2.37,1
3.41,3.59,1
3.57,4.76,1
0.52,0.31,0
2.75,3.72,1
0.21,0.71,0
-0.13,0.95,0
4.11,3.89,1
1.84,0.88,0
0.12,1.83,0
2.47,3.59,1
0.67,-0.38,0
0.43,0.73,0
1.61,0.96,0
1.03,0.3,0
1.01,0.57,0
0.79,0.14,0
1.65,1.15,0
3.15,3.93,1
0.56,0.26,0
3.78,1.66,1
1.81,3.41,1
0.43,0.56,0
0.76,1.48,0
0.31,1.34,0
1.53,-0.07,0
0.74,-0.13,0
0.85,0.89,0
3.53,2.65,1
2.54,2.95,1
2.33,3.55,1
1.54,-0.44,0
0.85,0.69,0
1.99,3.82,1
3.13,3.16,1
2.88,2.87,1
3.23,2.24,1
2.65,2.55,1
3.94,2.69,1
1.28,1.53,0
0.96,0.39,0
2.27,3.76,1
3.71,3.4,1
1.33,1.57,0
2.01,0.33,0
3.61,1.58,1
4.11,3.26,1
-0.79,0.66,0
0.79,0.64,0
1.57,0.96,0
2.76,3.28,1
3.17,2.9,1
1.21,1.52,0
2.76,2.92,1
3.77,2.35,1
3.12,3.21,1
3.45,0.9,1
3.75,2.71,1
0.3,0.48,0
0.11,1.21,0
2.49,3.3,1
0.78,1.75,0
0.34,0.18,0
3.42,2.99,1
2.4,2.75,1
2.18,2.59,1
3.87,1.86,1
0.7,0.65,0
-0.47,1.09,0
1.21,1.31,0
2.17,1.29,0
-0.82,0.84,0
3.36,2.87,1
1.74,1.46,0
1.18,1.45,0
4.85,2.68,1
1.16,1.67,0
4.05,3.01,1
1.39,1.78,0
0.57,2.02,0
1.77,0.78,0
3.55,2.98,1
0.3,1.6,0
2.72,2.72,1
4.22,2.98,1
2.53,2.85,1
3.53,2.62,1
0.42,1.72,0
1.81,0.35,0
3.74,1.84,1
2.85,2.83,1
3.56,3.07,1
0.48,1.28,0
1.15,1.48,0
3.22,3.5,1
4.11,2.54,1
1.22,1.11,0
2.72,2.78,1
1.41,0.97,0
3.53,2.94,1
1.19,1.96,0
3.62,2.27,1
0.66,0.23,0
2.7,3.16,1
2.07,3.33,1
3.19,2.75,1
1.79,0.16,0
2.53,2.4,1
-0.09,0.58,0
2.68,2.64,1
1.11,3.49,1
2.77,4.12,1
0.66,0.45,0
0.16,1.51,0
2.74,2.57,1
2.21,3.27,1
0.09,0.21,0
1.04,0.55,0
2.33,3.14,1
2.81,2.22,1
1.55,0.63,0
0.52,1.43,0
3.58,2.95,1
2.77,2.0,1
0.79,1.24,0
2.15,0.05,0
-0.71,-0.06,0
1.91,0.91,0
2.49,1.03,0
2.81,3.34,1
1.1,1.97,0
0.93,1.24,0
4.11,2.79,1
3.19,4.43,1
3.12,3.62,1
1.15,0.77,0
0.1,1.49,0
1.68,1.31,0
0.74,1.21,0
3.31,2.78,1
0.16,0.29,0
1.01,1.08,0
1.66,0.48,0
3.92,3.17,1
3.28,3.79,1
2.72,1.56,1
2.61,2.49,1
1.02,0.44,0
2.45,1.14,0
1.35,0.32,0
4.22,3.6,1
1.48,2.11,0
2.81,2.49,1
4.4,3.26,1
3.02,3.66,1
2.95,4.4,1
1.93,4.37,1
2.1,3.9,1
1.65,1.9,0
0.68,1.18,0
0.75,0.74,0
0.17,1.23,0
3.03,2.45,1
-0.12,0.58,0
3.31,3.21,1
0.43,0.95,0
1.13,0.99,0
2.59,1.21,1
2.85,1.87,1
2.05,1.42,0
1.42,1.58,0
3.43,2.16,1
2.98,3.05,1
3.26,1.8,1
1.77,0.86,0
1.47,1.99,0
0.64,1.4,0
3.5,3.46,1
2.08,1.84,0
3.26,1.96,1
2.74,3.38,1
2.72,3.18,1
2.02,-0.38,0
0.57,0.89,0
3.09,4.15,1
0.29,0.96,0
2.31,3.54,1
0.33,0.42,0
3.0,3.86,1
2.95,3.09,1
0.63,1.05,0
-0.32,0.68,0
2.21,2.71,1
0.93,0.13,0
3.6,3.75,1
2.22,1.65,1
0.01,0.64,0
3.15,2.24,1
1.68,1.55,0
0.43,1.76,0
2.49,3.2,1
0.54,1.13,0
1.64,0.93,0
3.57,2.75,1
1.51,0.15,0
2.22,3.86,1
1.57,2.99,1
3.0,3.56,1
3.19,3.9,1
1.21,0.8,0
2.1,2.55,1
1.8,2.95,1
1.65,1.74,0
1.4,0.47,0
2.82,3.39,1
2.68,3.78,1
2.76,4.59,1
4.01,3.16,1
4.16,2.5,1
0.95,0.98,0
2.32,3.45,1
0.85,0.99,0
0.93,0.63,0
0.98,1.17,0
1.81,1.86,0
1.41,1.07,0
2.49,2.47,0
1.44,-0.17,0
2.09,1.99,1
0.44,1.1,0
1.39,0.8,0
2.57,3.18,1
1.3,1.68,0
3.29,2.74,1
0.43,0.42,0
2.08,1.9,1
3.62,2.34,1
2.58,3.29,1
3.2,3.04,1
3.39,2.69,1
3.06,2.59,1
2.21,3.73,1
1.91,1.37,0
3.62,2.49,1
0.95,2.17,0
2.4,2.29,1
2.35,2.31,1
3.51,3.52,1
0.86,1.17,0
2.83,3.46,1
2.66,2.88,1
2.01,0.93,0
2.74,1.85,1
1.26,0.6,0
3.02,3.16,1
0.45,0.03,0
0.89,0.65,0
1.08,2.01,0
3.12,2.17,1
1.51,3.58,1
2.88,3.16,1
1.44,0.97,0
1.35,3.18,0
0.76,0.19,0
3.04,2.46,1
4.64,3.4,1
3.34,3.35,1
2.34,0.77,0
3.04,2.31,1
4.13,3.48,1
2.69,1.25,0
1.83,1.38,0
3.8,2.47,1
2.45,2.08,1
2.45,3.39,1
3.44,2.54,1
1.16,1.1,0
4.12,2.24,1
3.58,2.81,1
2.86,1.83,1
-0.09,-0.4,0
1.24,0.76,0
0.13,1.45,0
1.23,1.5,0
2.18,2.94,1
3.56,3.1,1
0.75,0.57,0
3.59,2.83,1
4.77,2.39,1
3.57,3.14,1
1.78,3.78,1
1.69,1.98,1
1.68,0.46,0
1.51,3.48,1
1.16,0.18,0
1.23,0.39,0
2.6,2.76,1
2.79,1.62,1
3.07,2.92,1
0.62,0.41,0
1.45,-0.84,0
0.35,0.4,0
2.01,3.56,1
2.45,1.53,0
3.81,3.35,1
0.47,1.75,0
-0.16,0.41,0
1.57,1.08,0
0.47,1.3,0
0.49,0.54,0
2.51,3.24,1
1.45,3.95,1
0.94,1.02,0
2.91,1.93,1
3.06,3.33,1
0.38,0.93,0
0.59,0.58,0
3.4,3.29,1
1.12,1.25,0
1.49,-0.67,0
2.28,2.83,1
3.13,1.91,1
2.54,3.59,1
3.01,3.35,1
3.01,3.06,1
2.79,0.31,0
1.9,2.77,1
0.93,0.7,0
2.88,4.54,1
1.45,0.53,0
3.15,4.1,1
0.64,1.58,0
0.35,0.61,0
0.15,1.27,0
1.99,0.36,0
1.05,0.89,0
2.83,0.58,0
1.13,0.95,0
2.25,1.57,0
2.14,3.55,1
2.38,2.94,1
2.1,2.52,1
0.57,0.05,0
0.09,1.37,0
2.85,3.19,1
3.43,1.56,1
3.95,2.82,1
0.56,0.64,0
3.46,3.46,1
1.39,0.17,0
1.93,3.2,1
-0.46,0.47,0
2.78,2.77,1
3.94,3.96,1
0.5,0.38,0
2.55,3.5,1
0.86,1.67,0
1.48,0.85,0
3.43,2.21,1
2.08,0.37,0
-0.14,-0.28,0
0.81,1.09,0
0.37,1.1,0
1.42,0.82,0
2.29,2.4,1
1.58,0.65,0
0.57,1.16,0
4.34,1.56,1
1.37,1.39,0
0.61,0.99,0
1.12,0.65,0
0.83,1.41,0
1.61,0.42,0
2.98,4.08,1
1.32,1.14,0
4.41,1.77,1
2.27,2.52,1
1.0,-0.24,0
2.28,2.98,1
3.13,2.66,1
3.36,2.86,1
1.26,0.63,0
0.87,1.73,0
1.47,0.81,0
-0.02,1.12,0
3.54,3.36,1
1.15,0.49,0
4.49,2.25,1
0.44,1.05,0
1.64,1.36,0
3.83,3.13,1
2.24,2.99,1
1.8,4.0,1
1.55,3.32,1
2.84,3.66,1
1.33,1.4,0
3.59,2.78,1
0.02,2.27,0
2.96,3.12,1
3.44,3.41,1
1.36,2.55,0
1.93,3.11,1
-0.39,1.22,0
3.71,1.9,1
2.28,3.3,1
3.06,2.82,1
0.58,1.06,0
0.49,0.88,0
4.0,3.15,1
2.55,3.3,1
1.16,1.34,0
3.72,3.77,1
2.11,0.5,0
3.72,3.91,1
1.55,2.91,1
3.09,0.89,0
3.24,4.08,1
0.62,0.76,0
2.12,3.43,1
2.9,3.54,1
0.4,1.12,0
2.92,3.11,1
2.65,2.05,1
2.96,1.94,1
0.56,1.43,0
2.13,3.55,1
2.23,1.61,0
1.72,1.04,0
1.62,2.81,1
4.26,3.64,1
0.59,0.51,0
0.79,1.41,0
2.4,2.23,1
2.78,3.18,1
2.15,0.56,0
2.37,3.22,1
2.6,2.2,1
0.06,0.82,0
0.06,1.24,0
2.3,3.12,1
2.38,2.3,1
3.28,3.42,1
2.59,2.5,1
0.97,1.21,0
3.09,3.68,1
1.2,-0.28,0
2.95,2.97,1
4.0,3.48,1
1.57,0.6,0
1.76,0.91,0
-0.46,1.04,0
1.39,1.25,0
0.08,0.6,0
2.18,2.14,0
0.4,0.66,0
3.14,2.9,1
0.25,-0.54,0
1.18,2.38,0
2.45,2.6,1
3.61,2.41,1
3.48,3.5,1
2.18,3.12,1
3.19,3.0,1
2.97,3.12,1
1.95,2.66,1
3.07,2.52,1
1.96,1.95,1
1.73,1.89,0
0.26,1.03,0
1.16,0.61,0
-0.06,1.05,0
3.81,1.93,1
0.67,0.21,0
1.1,0.21,0
1.44,0.06,0
3.82,2.79,1
0.69,0.04,0
3.32,1.98,1
0.54,1.54,0
0.74,0.07,0
2.54,2.14,1
0.65,2.02,0
0.32,2.27,0
3.04,3.76,1
2.4,4.12,1
2.53,3.16,1
2.23,1.95,0
2.89,2.62,1
2.54,3.48,1
2.06,3.43,1
1.82,2.75,1
2.32,1.06,0
4.58,4.36,1
3.44,1.88,1
2.93,1.29,0
2.2,2.67,0
2.98,1.95,1
2.48,2.24,1
1.07,1.04,0
2.44,3.14,1
0.27,1.5,0
1.72,1.57,0
2.38,2.56,1
1.7,-0.43,0
1.3,0.06,0
4.03,3.78,1
3.75,2.09,1
3.65,3.27,1
1.59,1.22,0
3.02,3.67,1
0.04,0.94,0
1.8,3.22,1
2.64,1.84,1
0.53,1.16,0
2.74,3.33,1
0.71,0.43,0
0.6,0.01,0
3.3,2.57,1
2.32,3.85,1
2.24,1.57,1
-0.43,1.48,0
4.12,2.58,1
3.14,3.97,1
1.67,1.13,0
3.66,3.03,1
1.14,0.78,0
2.87,2.53,1
3.89,3.05,1
0.69,0.06,0
0.8,1.39,0
0.9,1.73,0
2.28,0.98,0
3.02,1.88,1
0.2,1.09,0
0.18,1.12,0
1.28,1.51,0
1.2,1.69,0
4.4,3.21,1
2.38,2.89,1
3.08,4.3,1
0.97,1.13,0
1.33,2.33,0
2.54,2.75,1
2.44,4.12,1
2.6,0.96,0
2.35,3.9,1
2.25,2.4,1
0.83,0.57,0
2.84,2.92,1
2.8,3.7,1
-0.25,0.49,0
2.87,3.65,1
0.79,1.12,0
1.0,-0.26,0
4.34,3.66,1
2.43,3.49,1
1.82,2.72,1
1.15,0.42,0
2.13,1.59,0
0.87,1.08,0
0.53,0.32,0
2.65,5.3,1
4.21,2.5,1
2.79,3.23,1
2.62,4.11,1
-0.57,1.21,0
1.06,1.35,0
3.3,2.41,1
3.67,2.18,1
2.31,2.23,1
4.01,2.98,1
3.11,3.57,1
1.17,1.42,0
2.89,3.32,1
3.54,2.05,1
3.84,2.56,1
0.86,1.2,0
-0.86,1.66,0
0.93,2.32,0
2.36,3.02,1
2.32,4.27,1
-0.32,0.37,0
2.3,2.32,1
0.07,1.67,0
0.99,3.05,0
0.65,0.49,0
3.79,2.54,1
0.65,1.0,0
0.71,0.9,0
4.05,3.09,1
3.28,3.42,1
3.55,2.8,1
1.4,0.33,0
3.43,1.86,1
3.22,2.43,1
0.87,-0.26,0
0.38,2.11,0
3.02,3.25,1
0.92,1.03,0
0.43,0.43,0
3.1,3.13,1
2.38,1.84,1
2.24,3.44,1
-0.29,-0.18,0
3.4,3.82,1
-0.06,1.51,0
3.92,2.16,1
2.56,3.4,1
1.65,0.8,0
1.98,1.33,0
1.72,1.74,0
0.55,1.37,0
4.12,4.52,1
2.48,3.57,1
2.57,3.17,1
3.51,3.13,1
2.83,3.33,1
0.27,-0.52,0
2.97,2.8,1
0.23,0.34,0
2.85,1.73,0
3.17,2.93,1
1.06,0.24,0
1.13,0.83,0
1.63,1.76,0
1.38,0.94,0
2.93,2.26,1
1.37,0.98,0
4.9,3.62,1
2.76,2.16,1
1.16,1.04,0
-0.51,1.75,0
3.23,3.83,1
3.21,2.98,1
1.61,0.4,0
1.62,1.21,0
1.24,2.73,1
0.11,1.86,0
3.21,2.95,1
1.67,0.39,0
2.71,3.27,1
0.51,2.95,0
2.05,0.86,0
1.02,0.45,0
1.63,0.79,0
1.52,0.74,0
1.67,1.06,0
0.3,2.1,0
3.11,3.6,1
2.47,3.14,1
0.61,2.36,0
0.15,2.05,0
3.01,3.52,1
2.65,3.2,1
2.3,2.53,1
3.52,2.63,1
3.65,2.68,1
1.12,1.86,0
0.65,0.74,0
3.39,3.32,1
2.08,3.28,1
3.14,2.63,1
-0.19,1.25,0
3.4,3.03,1
2.7,2.47,1
3.57,3.44,1
1.76,0.66,0
1.43,0.28,0
-0.06,0.65,0
3.32,2.73,1
2.71,4.05,1
1.61,1.28,0
3.66,2.86,1
1.49,1.08,0
0.78,1.01,0
1.75,2.23,1
0.1,1.1,0
1.76,0.62,0
0.96,1.21,0
3.58,3.82,1
0.89,1.23,0
0.5,-0.14,0
1.71,2.15,1
3.96,2.63,1
3.11,3.39,1
3.13,1.59,1
1.62,0.7,0
3.89,3.13,1
2.8,3.29,1
1.24,0.76,0
2.64,2.96,1
2.63,2.96,1
-0.26,1.66,0
3.15,2.71,1
1.31,0.87,0
2.78,1.91,1
2.88,3.25,1
2.45,3.38,1
1.82,1.22,0
3.14,1.04,1
2.6,4.22,1
1.32,0.93,0
0.77,2.35,0
3.27,2.14,1
2.02,0.73,0
2.69,2.85,1
2.96,3.11,1
1.03,1.89,0
3.1,2.61,1
1.39,0.76,0
2.86,2.45,1
1.59,-0.36,0
3.78,2.74,1
0.83,0.1,0
1.42,1.92,0
0.26,0.26,0
3.36,3.91,1
3.01,1.35,1
0.43,1.17,0
0.8,0.73,0
1.07,1.83,0
0.16,0.06,0
3.43,2.75,1
4.22,2.42,1
3.27,2.08,1
0.68,2.31,0
4.08,4.63,1
4.0,3.92,1
2.79,3.86,1
1.27,0.15,0
3.56,3.36,1
1.45,2.97,1
2.18,2.16,1
3.46,4.15,1
2.19,2.49,1
1.98,2.02,0
-0.06,2.15,0
3.67,3.49,1
0.52,1.14,0
3.32,3.94,1
3.67,3.91,1
1.42,1.46,0
1.19,2.17,0
1.42,0.6,0
3.89,2.79,1
3.3,2.55,1
3.21,3.57,1
0.04,1.3,0
0.61,0.46,0
0.95,0.11,0
0.36,2.26,0
-0.02,2.14,0
-1.01,0.88,0
3.9,3.25,1
0.94,1.88,0
3.24,1.64,1
0.98,1.8,0
3.2,3.05,1
1.04,3.5,1
1.12,0.51,0
3.04,3.85,1
1.36,2.26,0
0.52,-0.1,0
1.21,-1.04,0
1.04,-0.49,0
2.51,2.27,1
2.24,4.06,1
1.64,0.56,0
2.7,3.49,1
3.54,2.3,1
1.28,0.04,0
3.7,3.17,1
3.06,2.48,1
0.73,1.06,0
3.99,3.23,1
2.61,4.38,1
2.68,3.37,1
2.55,1.18,0
1.94,1.27,0
3.29,3.36,1
-0.07,0.04,0
2.83,3.62,1
3.75,3.42,1
2.77,3.83,1
0.56,1.51,0
1.71,2.78,1
1.88,1.61,1
0.72,1.51,0
3.43,2.82,1
3.38,3.17,1
3.17,2.06,1
1.44,0.82,0
1.35,0.32,0
2.61,3.1,1
1.12,1.6,0
0.9,1.21,0
2.78,2.15,1
0.94,1.05,0
2.54,3.01,1
3.31,2.57,1
3.29,3.2,1
0.36,0.98,0
4.1,1.49,1
-0.45,1.85,0
1.95,2.05,0
1.36,1.02,0
1.34,1.1,0
2.22,4.61,1
0.45,0.65,0
3.14,1.66,1
1.91,2.63,1
3.21,3.99,1
0.09,0.22,0
1.67,1.34,0
0.3,1.34,0
2.23,3.36,1
1.31,1.07,0
2.93,3.45,1
1.31,0.47,0
1.23,0.84,0
3.82,2.28,1
2.43,2.83,1
3.77,3.37,1
3.38,2.72,1
1.18,1.26,0
1.32,0.18,0
2.93,2.5,1
1.97,2.85,1
1.3,1.05,0
1.02,1.53,0
1.49,3.03,1
-0.49,1.81,0
0.91,0.96,0
3.25,2.68,1
4.91,3.99,1
2.58,2.8,1
-0.09,1.44,0
2.46,4.42,1
2.79,3.68,1
2.59,2.29,1
-0.26,0.15,0
1.97,3.34,1
3.88,3.71,1
2.04,3.34,1
0.62,0.88,0
3.36,4.17,1
0.26,1.48,0
4.05,3.48,1
2.09,3.55,1
2.05,2.34,1
0.65,1.73,0
3.53,3.21,1
3.16,2.46,1
2.07,3.09,1
2.79,2.24,1
2.21,2.86,1
1.44,1.16,0
0.51,2.1,0
3.37,3.75,1
3.74,2.02,1
1.76,0.04,0
1.14,0.8,0
3.08,3.57,1
3.04,3.93,1
1.13,1.29,0
2.94,2.94,1
3.31,2.68,1
1.57,0.75,0
2.74,4.0,1
2.96,2.55,1
1.69,3.96,1
2.01,1.35,0
2.59,3.34,1
1.46,2.77,1
2.07,1.74,0
1.39,1.28,0
1.63,0.9,0
2.14,2.74,1
2.04,1.55,0
0.63,1.73,0
0.55,1.27,0
1.31,0.66,0
1.19,1.39,0
0.5,1.24,0
2.19,0.49,0
1.43,0.93,0
2.39,3.55,1
0.94,0.41,0
3.34,3.06,1
3.92,2.9,1
2.7,3.4,1
1.69,1.02,0
0.57,1.14,0
4.28,2.22,1
1.12,0.24,0
4.81,3.86,1
1.18,1.06,0
0.95,0.17,0
0.84,0.55,0
1.34,1.69,0
2.32,2.92,1
3.79,2.57,1
2.28,3.13,1
-0.14,1.94,0
1.38,1.9,0
2.86,3.0,1
2.79,2.61,1
0.4,1.68,0
0.1,1.23,0
2.42,2.98,1
3.52,4.14,1
0.47,0.37,0
1.14,1.41,0
1.31,0.57,0
3.23,2.41,1
5.06,2.24,1
2.65,2.59,1
0.84,0.81,0
1.15,0.15,0
3.36,2.51,1
2.08,0.61,0
3.58,3.06,1
2.68,2.15,1
0.2,0.53,0
3.45,2.54,1
2.91,3.21,1
1.45,1.28,0
2.57,3.09,1
0.99,0.03,0
1.87,2.59,1
4.23,2.52,1
0.92,0.28,0
2.83,4.04,1
2.17,2.0,1
0.57,1.36,0
2.35,3.55,1
3.48,2.96,1
3.51,3.41,1
-0.37,1.1,0
0.35,0.75,0
3.36,3.38,1
0.96,0.59,0
3.91,2.87,1
3.71,2.47,1
1.62,0.44,0
4.05,2.96,1
2.24,3.32,1
1.43,3.27,0
2.44,3.29,1
0.64,0.9,0
0.62,-0.25,0
3.22,3.08,1
2.09,1.85,0
0.74,0.67,0
0.86,1.47,0
1.05,0.57,0
1.36,1.01,0
1.64,3.84,1
2.19,3.49,1
0.46,0.34,0
0.78,0.27,0
0.39,0.02,0
2.21,3.16,1
2.2,4.32,1
2.62,3.55,1
4.28,2.01,1
3.46,2.62,1
1.99,2.72,1
1.78,0.56,0
1.15,2.01,0
3.19,4.04,1
2.07,2.11,1
1.82,1.51,0
1.51,2.16,0
1.32,-0.39,0
0.68,1.1,0
1.28,1.61,0
2.66,4.0,1
3.05,2.36,1
2.24,1.35,0
3.71,3.23,1
2.67,2.81,1
1.87,0.12,0
0.82,1.03,0
4.1,3.15,1
2.98,2.87,1
1.88,-0.1,0
0.24,0.89,0
-0.49,1.0,0
0.96,0.45,0
-0.15,-0.75,0
0.62,1.42,0
0.97,1.99,0
2.14,2.91,1
1.31,0.59,0
2.64,3.58,1
0.73,0.74,0
0.58,1.31,0
0.04,0.84,0
0.73,1.14,0
2.72,2.77,1
0.66,-0.38,0
1.02,1.28,0
2.74,4.0,1
3.9,3.19,1
1.08,3.45,1
1.01,2.24,0
1.58,2.54,1
0.93,1.41,0
2.01,2.96,1
1.71,1.77,0
1.48,0.89,0
3.48,4.39,1
0.31,2.59,1
3.23,3.15,1
1.96,3.89,1
2.63,2.14,1
3.16,2.9,1
1.65,4.47,1
2.56,3.05,1
0.85,1.88,0
1.58,1.41,0
0.05,0.98,0
0.61,1.36,0
4.25,3.62,1
-0.13,0.26,0
1.73,2.75,0
0.05,0.64,0
0.99,0.54,0
2.32,2.9,1
2.56,2.72,1
3.3,3.3,1
3.1,2.87,1
1.09,1.8,0
0.88,0.63,0
1.22,0.3,0
1.64,0.34,0
3.16,3.03,1
2.64,3.36,1
1.46,0.68,0
1.23,1.16,0
3.83,2.68,1
0.72,1.33,0
0.6,0.63,0
3.96,2.82,1
2.74,3.9,1
2.88,2.4,1
1.96,1.05,0
1.82,1.36,0
1.14,0.56,0
2.33,1.15,0
1.54,1.1,0
2.02,0.84,0
2.99,2.96,1
0.23,1.52,0
3.95,3.57,1
3.8,4.71,1
1.24,1.4,0
1.0,0.86,0
2.55,1.9,1
2.92,3.59,1
3.45,3.97,1
1.46,3.83,1
1.87,2.3,0
3.13,2.18,1
4.75,3.45,1
0.97,1.13,0
3.39,3.36,1
4.13,2.82,1
1.84,0.75,0
0.71,0.76,0
2.45,4.33,1
2.55,2.21,1
2.86,3.46,1
1.35,0.55,0
1.27,0.44,0
1.11,0.58,0
0.35,1.35,0
1.18,0.82,0
0.13,1.41,0
2.12,3.92,1
2.91,2.39,1
0.52,2.37,0
3.44,2.82,1
1.18,1.45,0
-0.31,0.94,0
1.5,1.43,0
1.65,3.4,1
2.59,2.79,1
0.99,1.05,0
2.36,3.64,1
2.2,4.09,1
1.63,0.8,0
0.87,2.11,0
1.86,2.2,1
1.23,0.46,0
-0.31,-0.05,0
1.07,0.11,0
3.58,1.81,1
1.4,1.62,0
1.63,1.48,0
3.01,1.76,1
1.12,1.07,0
2.02,2.08,1
3.62,3.13,1
1.97,2.72,1
4.0,2.61,1
1.41,0.96,0
0.64,1.65,0
0.41,0.02,0
3.11,1.75,1
1.75,1.27,0
1.27,0.92,0
3.15,2.43,1
3.49,2.73,1
1.64,1.05,0
0.32,1.35,0
0.92,1.62,0
3.72,2.77,1
-0.07,1.26,0
3.18,2.97,1
1.68,1.5,0
0.54,-0.26,0
-0.12,1.17,0
3.9,2.92,1
2.96,2.3,1
0.42,1.95,0
1.85,1.83,0
1.87,0.37,0
2.7,3.84,1
2.7,2.33,1
2.79,1.41,1
4.0,3.68,1
4.51,2.59,1
4.9,4.17,1
0.46,1.19,0
2.59,0.0,0
1.29,2.43,0
2.62,3.13,1
1.76,3.2,1
0.66,0.54,0
2.09,0.15,0
0.25,1.01,0
0.98,-0.11,0
3.01,2.81,1
2.49,2.22,1
3.22,2.54,1
1.05,-0.28,0
1.41,0.5,0
0.77,1.17,0
3.47,4.4,1
1.99,3.37,1
0.67,0.86,0
1.06,-0.0,0
0.71,2.85,0
1.49,1.41,0
1.15,1.05,0
1.0,-0.09,0
3.17,2.54,1
2.92,2.86,1
-0.07,1.55,0
-0.24,1.2,0
0.35,-0.99,0
1.95,0.16,0
0.72,1.79,0
2.83,3.34,1
1.18,1.11,0
2.96,2.49,1
0.48,0.12,0
-0.32,0.83,0
2.54,2.46,1
1.85,0.69,0
4.17,2.23,1
2.02,3.81,1
2.89,2.76,1
-0.34,0.19,0
3.1,3.09,1
2.57,2.5,1
2.52,1.92,1
2.42,3.35,1
2.77,2.87,1
0.06,1.1,0
2.82,1.54,1
1.04,-0.26,0
0.24,0.58,0
0.36,-0.03,0
1.08,0.32,0
1.32,1.02,0
0.24,1.35,0
0.42,0.5,0
3.79,2.73,1
1.37,-0.17,0
2.72,3.41,1
1.44,1.25,0
3.45,2.65,1
0.47,-0.98,0
0.84,1.92,0
1.5,0.17,0
1.06,0.17,0
3.63,3.05,1
3.1,3.04,1
2.78,1.96,1
0.73,1.28,0
2.65,3.19,1
2.84,2.17,1
0.79,0.59,0
3.51,3.68,1
2.46,3.59,1
3.33,3.43,1
2.58,3.82,1
3.24,2.46,1
1.62,0.06,0
1.54,0.63,0
0.02,-0.09,0
0.73,1.41,0
3.51,3.55,1
3.51,3.4,1
2.56,3.37,1
2.49,2.12,1
3.65,3.44,1
0.2,0.61,0
2.31,3.0,1
1.34,0.09,0
3.17,1.78,1
2.21,2.89,1
0.7,0.38,0
2.42,4.01,1
3.31,3.1,1
2.17,2.35,0
0.4,1.94,0
1.06,0.51,0
3.49,3.24,1
2.52,2.52,1
0.25,1.18,0
3.38,3.68,1
0.97,0.85,0
2.04,1.36,0
1.48,1.84,0
2.39,1.72,0
0.65,0.2,0
2.12,1.96,1
2.88,3.26,1
1.9,1.67,0
3.14,3.55,1
2.95,2.36,1
1.41,0.96,0
3.29,3.28,1
0.75,2.41,0
2.44,2.79,1
-0.21,1.47,0
2.39,2.55,1
3.08,4.1,1
2.7,2.93,1
1.06,0.85,0
3.07,3.17,1
1.43,-0.67,0
0.3,0.11,0
0.13,1.83,0
2.72,2.54,1
1.3,1.48,0
1.28,1.54,0
1.83,0.9,0
2.82,2.82,1
-0.04,1.11,0
3.52,3.03,1
2.31,3.06,1
1.53,1.98,0
1.39,1.32,0
3.65,2.32,1
0.55,1.6,0
1.3,1.59,0
1.83,0.52,0
3.95,3.41,1
-0.98,1.68,0
2.99,4.44,1
2.32,3.82,1
-0.34,1.82,0
1.61,3.73,1
4.39,2.69,1
3.41,4.18,1
1.47,0.87,0
2.42,3.25,1
0.47,1.36,0
4.5,3.15,1
3.77,2.52,1
1.3,1.51,0
3.31,3.03,1
0.51,2.53,0
2.77,2.86,1
-0.34,1.84,0
0.96,1.5,0
2.3,2.76,1
0.21,0.47,0
1.47,0.86,0
2.84,3.07,1
1.81,2.89,1
0.07,0.55,0
1.67,0.72,0
-0.24,1.64,0
1.49,0.61,0
2.95,2.34,1
-0.32,1.36,0
1.88,0.0,0
1.42,0.75,0
2.44,1.48,0
1.58,1.36,0
1.92,2.15,0
1.61,3.01,1
1.13,0.96,0
2.63,2.47,1
2.48,2.29,1
1.48,1.04,0
2.74,2.58,1
3.37,3.37,1
3.96,2.95,1
1.43,-0.99,0
2.32,2.58,1
2.17,0.74,0
1.26,1.21,0
0.25,0.65,0
4.09,2.63,1
2.73,3.88,1
0.64,1.74,0
3.01,0.37,0
2.89,2.94,1
-0.24,2.05,0
1.81,0.32,0
2.79,3.55,1
0.75,0.69,0
1.4,2.59,1
1.62,1.82,0
0.78,2.53,0
2.57,3.35,1
3.39,3.33,1
-0.42,-0.42,0
0.47,0.78,0
3.13,2.46,1
2.11,0.38,0
2.73,4.17,1
0.95,1.72,0
5.36,2.83,1
3.74,4.32,1
3.89,2.63,1
1.39,1.35,0
0.97,0.23,0
0.42,0.27,0
0.77,0.44,0
0.59,1.32,0
1.3,1.65,0
3.13,2.14,1
2.06,2.63,1
1.33,1.72,0
3.49,2.07,1
4.42,2.79,1
0.44,0.9,0
2.34,3.17,1
3.34,3.46,1
2.31,0.89,0
1.05,0.85,0
1.85,0.31,0
0.54,0.07,0
0.54,1.95,0
1.08,1.41,0
2.22,1.46,0
3.43,4.34,1
1.7,1.76,0
4.0,2.52,1
0.83,0.93,0
2.58,0.73,0
1.63,2.93,1
0.4,0.78,0
0.03,0.26,0
1.19,1.23,0
0.51,1.88,0
2.5,3.16,1
0.14,-0.31,0
0.45,1.52,0
1.53,4.25,1
2.77,3.77,1
0.71,1.57,0
1.26,0.3,0
2.5,3.44,1
2.53,2.23,1
2.93,2.95,1
3.7,2.08,1
0.98,0.58,0
1.93,3.5,1
2.24,1.75,1
1.1,0.05,0
2.31,2.21,1
1.67,1.9,0
2.54,3.22,1
2.43,4.17,1
1.7,1.28,0
4.04,2.88,1
4.44,2.41,1
0.17,0.62,0
1.47,0.36,0
2.88,4.15,1
1.05,1.92,0
1.07,1.47,0
3.34,2.91,1
4.02,3.46,1
2.45,4.17,1
0.4,0.75,0
1.45,1.68,0
1.37,2.59,0
1.29,1.32,0
3.51,3.07,1
-0.06,1.77,0
3.08,1.83,1
2.95,3.59,1
2.32,1.03,1
3.28,3.0,1
0.99,0.49,0
4.26,2.46,1
3.0,2.28,1
2.3,2.46,1
1.16,-0.1,0
1.22,1.13,0
2.74,3.22,1
3.67,1.76,1
0.65,2.2,0
1.16,2.02,0
1.17,0.97,0
0.71,0.63,0
1.6,0.82,0
0.89,-0.12,0
0.81,1.53,0
-0.38,0.69,0
2.42,4.48,1
2.32,2.21,1
1.83,2.16,0
1.33,1.72,0
3.41,2.17,1
3.32,3.35,1
2.84,3.89,1
0.84,0.4,0
0.99,0.5,0
2.17,0.39,0
4.22,3.04,1
0.73,0.88,0
3.01,2.22,1
3.41,2.67,1
2.62,0.03,0
3.06,1.83,1
2.64,3.46,1
-0.51,1.79,0
3.3,3.46,1
0.94,2.44,0
1.53,1.38,0
3.74,3.6,1
2.97,3.32,1
1.67,0.02,0
2.38,0.73,0
2.3,1.94,1
2.4,2.24,1
3.27,3.76,1
1.76,0.29,0
0.05,2.24,0
3.3,3.16,1
0.54,0.37,0
-0.01,0.33,0
2.41,2.04,1
1.98,3.91,1
2.44,3.73,1
2.78,2.68,1
2.76,0.25,1
2.7,2.95,1
2.02,2.81,1
1.7,1.02,0
3.23,4.18,1
0.16,1.36,0
3.29,2.65,1
1.59,3.17,1
0.93,-0.47,0
3.1,2.6,1
2.17,1.48,0
2.51,1.06,0
2.69,3.06,1
2.72,3.32,1
0.77,0.4,0
2.46,3.02,1
2.19,-0.01,0
1.62,-0.07,0
0.41,0.26,0
3.56,3.19,1
3.09,3.53,1
2.7,3.82,1
2.03,0.31,0
2.95,3.91,1
2.19,3.1,1
2.8,2.78,1
1.18,2.11,0
0.8,1.79,0
3.51,1.34,1
2.72,3.7,1
1.72,1.14,0
2.6,3.54,1
2.28,2.89,1
1.02,0.95,0
0.93,0.9,0
1.0,0.62,0
1.75,-0.14,0
2.44,3.26,1
-0.61,1.84,0
2.63,2.95,1
3.21,2.09,1
2.19,2.23,1
0.63,0.66,0
2.55,1.74,0
1.23,1.09,0
0.58,1.29,0
0.95,2.12,0
2.68,3.53,1
0.58,1.39,0
3.31,2.25,1
0.62,0.5,0
0.63,1.62,0
3.95,3.96,1
3.03,3.18,1
1.1,0.87,0
1.44,0.23,0
2.3,2.59,1
1.55,0.72,0
1.55,1.32,0
1.25,-0.08,0
0.58,3.05,0
2.67,2.68,1
1.65,1.22,0
1.23,1.83,0
5.47,3.53,1
3.35,3.73,1
3.24,2.97,1
-0.07,1.77,0
3.69,2.59,1
0.77,0.06,0
2.99,3.01,1
0.44,1.07,0
1.87,1.45,0
0.89,0.62,0
0.24,1.03,0
2.7,2.68,1
1.01,2.03,0
2.88,3.01,1
-0.13,2.15,0
0.38,-0.21,0
0.73,1.9,0
2.45,2.76,1
1.9,0.86,0
3.54,2.64,1
2.07,-0.79,0
0.08,0.31,0
3.2,2.78,1
0.16,1.03,0
3.32,2.3,1
2.51,2.67,1
4.89,2.2,1
3.28,2.38,1
4.53,3.64,1
1.34,1.02,0
2.92,1.45,1
3.48,1.55,1
1.8,0.94,0
0.77,-0.26,0
3.88,3.2,1
0.84,-0.55,0
-0.73,1.01,0
1.45,-1.22,0
2.79,1.36,1
0.68,0.7,0
1.77,-0.22,0
3.47,3.11,1
3.0,3.13,1
2.81,2.87,1
1.42,0.57,0
3.13,3.96,1
3.14,2.88,1
1.52,0.11,0
1.08,1.22,0
1.38,1.46,0
2.2,1.03,0
2.39,4.47,1
2.93,2.93,1
2.86,3.57,1
2.43,3.26,1
2.87,2.89,1
0.6,0.16,0
1.82,1.56,0
2.46,0.55,0
0.59,1.62,0
1.72,1.17,0
3.8,1.37,1
2.93,4.14,1
0.79,1.36,0
0.93,2.02,1
3.76,3.49,1
1.83,3.14,1
1.68,0.83,0
2.73,4.8,1
3.49,3.72,1
2.44,4.0,1
3.83,2.47,1
1.06,0.97,0
1.63,0.7,0
3.87,3.36,1
1.34,1.6,0
0.64,-0.05,0
1.23,0.06,0
3.72,3.09,1
3.82,3.63,1
3.64,3.48,1
1.99,2.8,1
2.19,4.17,1
1.34,0.59,0
3.09,3.77,1
3.62,2.4,1
2.73,3.26,1
3.09,2.53,1
2.92,3.32,1
0.79,1.64,0
3.1,3.24,1
3.82,2.87,1
0.74,1.94,0
0.31,0.36,0
1.13,1.55,0
1.14,0.28,0
0.28,0.89,0
2.28,2.58,1
2.11,0.93,0
1.79,1.81,0
1.22,0.42,0
0.4,-0.14,0
0.0,1.5,0
1.62,0.26,0
1.81,3.76,1
3.15,4.71,1
2.84,1.9,1
1.57,1.02,0
2.49,3.29,1
1.78,3.66,1
2.51,2.17,1
1.2,1.04,0
2.27,0.01,0
-0.37,2.12,0
2.15,-0.12,0
3.49,2.44,1
1.96,1.57,0
1.29,0.74,0
2.94,2.73,1
2.18,3.11,1
1.76,2.03,1
1.31,1.48,0
0.82,1.3,0
1.63,0.41,0
2.68,2.07,1
1.36,1.51,0
0.29,2.64,0
3.05,3.1,1
1.23,0.9,0
0.51,1.23,0
2.98,2.44,1
3.87,3.26,1
1.26,1.72,0
0.83,1.09,0
1.72,4.12,1
1.53,1.09,0
2.48,1.78,1
4.44,4.03,1
2.19,3.31,1
2.5,1.27,0
4.11,2.93,1
2.94,3.09,1
2.39,2.32,0
3.11,2.78,1
2.14,0.44,0
0.89,-0.29,0
4.08,2.22,1
4.82,3.69,1
3.28,3.26,1
3.41,2.35,1
3.94,2.51,1
3.49,2.38,1
2.04,-0.46,0
1.26,1.49,0
0.26,0.77,0
1.13,0.41,0
0.78,-0.04,0
3.2,2.84,1
3.92,3.13,1
0.71,1.49,0
2.49,3.02,1
3.02,3.17,1
2.31,3.61,1
1.14,-0.12,0
0.95,0.85,0
3.27,2.39,1
1.8,1.34,0
2.55,1.95,1
1.4,-0.08,0
0.41,1.28,0
2.76,2.85,1
1.49,0.96,0
1.06,1.86,0
0.97,-0.01,0
2.71,3.39,1
1.8,1.35,0
0.91,1.08,0
0.37,1.26,0
4.36,2.53,1
2.34,1.76,1
-0.16,1.36,0
1.47,0.89,0
5.21,3.14,1
3.3,2.23,1
1.34,-0.01,0
4.03,3.43,1
1.33,1.09,0
2.81,0.94,1
1.24,0.32,0
4.31,1.86,1
1.1,0.73,0
1.95,0.22,0
2.17,1.74,1
2.34,2.81,1
1.92,3.5,1
3.44,1.71,1
0.04,3.17,0
1.28,1.72,0
3.9,3.78,1
-0.54,0.59,0
3.24,1.76,1
1.85,0.37,0
2.29,3.34,1
3.24,2.6,1
1.87,0.11,0
1.75,1.51,0
0.7,0.29,0
1.24,1.5,0
3.49,2.51,1
3.16,2.13,1
2.79,2.79,1
2.28,1.3,0
0.31,0.61,0
2.53,-0.08,0
0.13,-0.22,0
0.0,0.78,0
0.53,0.07,0
3.76,3.4,1
1.75,1.79,0
2.37,3.2,1
1.73,2.55,1
1.58,1.83,0
2.27,3.77,1
1.57,2.74,1
-0.01,1.95,0
1.23,2.23,0
3.67,2.99,1
3.74,3.36,1
3.33,2.22,1
1.36,0.79,0
1.24,0.48,0
2.19,-0.04,0
4.34,1.59,1
-0.65,1.82,0
1.4,0.88,0
1.01,1.18,0
2.61,-0.08,0
0.42,1.08,0
0.37,-0.0,0
1.27,0.66,0
3.87,2.63,1
2.75,2.41,1
0.9,1.53,0
2.0,3.01,1
1.07,0.71,0
1.35,0.47,0
1.71,3.19,1
2.93,2.42,1
2.77,2.65,1
3.35,4.66,1
2.88,2.56,1
0.67,0.91,0
3.72,2.61,1
1.35,2.53,1
0.58,0.4,0
0.74,-0.07,0
2.51,4.31,1
2.52,2.56,1
3.23,2.82,1
1.75,3.21,1
0.15,0.65,0
4.0,3.09,1
1.58,1.59,0
0.73,1.03,0
1.31,0.46,0
2.38,2.71,1
1.17,0.63,0
0.01,1.4,0
2.21,2.66,1
-0.04,1.83,0
1.11,1.2,0
3.07,3.74,1
2.92,3.3,1
0.85,2.02,0
2.91,2.89,1
1.29,1.38,0
0.05,0.62,0
1.65,0.17,0
2.87,3.48,1
2.72,3.19,1
0.42,1.69,0
0.7,1.63,0
3.27,3.28,1
0.07,1.24,0
3.51,2.44,1
1.69,1.61,0
3.74,3.54,1
2.73,3.4,1
2.29,3.95,1
0.63,0.38,0
0.68,1.52,0
2.92,1.98,1
-0.49,0.83,0
1.74,1.97,1
3.14,2.51,1
1.79,1.25,0
1.4,0.49,0
0.62,1.4,0
0.36,0.95,0
0.54,0.84,0
1.47,0.58,0
1.01,1.93,0
3.55,2.76,1
2.02,1.54,0
2.75,2.56,1
3.04,3.35,1
2.01,0.83,0
3.01,3.88,1
0.51,0.59,0
3.8,3.47,1
0.25,1.6,0
2.8,2.29,1
3.9,3.05,1
1.61,1.06,0
3.3,2.68,1
1.32,1.09,0
3.39,2.84,1
1.12,0.67,0
3.33,4.0,1
1.23,1.35,0
-0.51,1.02,0
3.68,3.28,1
0.41,1.42,0
2.44,1.1,0
0.45,1.79,0
1.24,1.45,0
1.44,2.0,0
1.58,1.33,0
1.22,1.06,0
3.4,2.54,1
1.58,0.05,0
1.87,3.3,1
2.84,4.57,1
1.54,1.34,0
2.56,2.82,1
0.68,1.21,0
1.08,-0.18,0
3.42,2.2,1
1.62,1.86,0
1.09,-0.55,0
1.03,0.85,0
1.34,2.75,1
2.98,1.93,1
0.3,0.43,0
1.84,3.35,1
3.15,2.9,1
4.39,2.49,1
1.15,-0.82,0
1.63,1.35,0
0.94,1.08,0
2.46,2.99,1
0.46,1.63,0
1.94,1.44,0
4.39,2.33,1
3.5,3.02,1
3.13,2.21,1
-0.57,0.62,0
3.24,2.8,1
0.76,0.76,0
3.05,3.04,1
3.76,3.23,1
0.63,1.35,0
-0.05,1.51,0
0.1,1.28,0
0.53,0.53,0
4.29,4.08,1
1.74,1.16,0
2.99,3.25,1
1.56,1.4,0
2.36,2.96,1
2.98,4.41,1
3.73,2.66,1
0.74,0.11,0
2.68,3.07,1
1.74,1.83,0
3.54,2.77,1
3.52,3.34,1
2.12,1.76,0
3.06,3.3,1
1.01,0.05,0
1.33,0.96,0
-0.01,-0.22,0
2.37,3.32,1
1.25,1.61,0
2.61,2.81,1
0.02,0.13,0
2.22,2.11,0
0.86,0.64,0
2.58,2.09,1
3.17,3.52,1
2.02,1.98,1
0.94,-0.05,0
2.8,2.61,1
1.92,1.05,0
1.01,0.67,0
2.14,-0.08,0
2.3,1.56,0
1.76,-0.04,0
0.9,0.44,0
0.25,-0.47,0
1.78,3.91,1
1.63,1.14,0
3.76,3.6,1
3.72,2.55,1
0.67,0.86,0
2.95,3.09,1
1.93,2.72,1
0.45,0.94,0
1.03,0.42,0
1.32,2.75,0
0.9,0.88,0
1.09,0.02,0
3.98,3.08,1
1.6,0.13,0
1.25,0.67,0
0.73,0.26,0
2.56,4.26,1
2.19,1.3,1
4.1,3.22,1
3.6,3.16,1
0.92,1.71,0
0.29,0.91,0
2.83,3.18,1
2.52,2.08,1
1.69,2.17,0
0.36,0.46,0
-0.17,-0.06,0
-0.31,1.35,0
0.61,-0.1,0
0.44,1.31,0
0.68,1.06,0
3.56,3.25,1
1.76,3.42,1
3.21,3.19,1
1.53,1.01,0
1.2,0.3,0
2.19,3.19,1
2.15,2.12,0
1.55,3.73,1
0.97,-0.08,0
2.74,2.0,1
2.56,2.58,1
1.97,1.18,0
2.0,3.3,1
1.16,1.31,0
2.72,2.43,1
3.23,3.11,1
2.7,2.49,1
3.08,3.35,1
0.25,1.37,0
2.69,2.27,1
1.13,-0.45,0
3.31,2.42,1
3.48,1.62,1
3.1,3.17,1
3.12,2.61,1
1.43,-0.46,0
-0.13,1.54,0
3.9,3.54,1
3.89,2.92,1
0.93,1.26,0
1.14,0.35,0
1.97,-0.22,0
3.78,2.42,1
2.21,0.27,0
3.78,3.5,1
3.57,3.78,1
0.78,2.67,0
0.79,1.65,0
1.94,0.44,0
1.36,2.15,0
1.78,-0.62,0
0.84,0.82,0
1.36,-0.45,0
2.82,3.82,1
0.83,0.82,0
2.62,2.93,1
3.98,2.41,1
1.47,1.02,0
4.05,2.44,1
1.57,0.22,0
1.53,1.31,0
1.44,-0.29,0
1.81,1.79,0
0.41,1.96,0
-0.24,1.63,0
1.68,0.56,0
1.24,0.19,0
1.84,-0.13,0
2.82,2.83,1
4.03,4.78,1
3.0,1.44,1
0.82,1.75,0
3.51,2.42,1
2.09,1.6,0
4.15,2.94,1
1.13,1.28,0
1.22,2.14,0
1.46,0.26,0
2.08,2.09,0
0.55,0.91,0
1.67,0.98,0
3.19,2.24,1
3.23,3.88,1
3.51,2.64,1
1.62,0.76,0
4.08,3.19,1
3.11,2.25,1
0.13,1.28,0
1.92,0.9,0
1.38,2.01,0
1.81,3.69,1
2.59,2.51,1
3.02,3.42,1
0.16,0.95,0
1.11,-0.32,0
3.0,1.47,1
1.22,1.48,0
1.91,1.31,0
2.89,2.94,1
1.69,3.46,1
-0.12,-0.36,0
1.89,0.75,0
0.14,2.17,0
3.33,2.92,1
0.89,0.88,0
0.93,1.34,0
2.13,3.06,1
2.0,3.17,1
1.73,0.42,0
1.03,1.2,0
2.44,3.27,1
2.23,2.0,1
0.42,1.93,0
2.65,3.37,1
1.2,1.56,0
0.55,0.92,0
4.38,2.8,1
-0.24,0.77,0
0.89,0.78,0
0.66,1.31,0
0.49,1.24,0
1.9,3.03,1
0.94,1.9,1
0.92,0.39,0
1.27,1.33,0
1.4,0.4,0
1.87,0.89,0
3.94,3.89,1
1.31,1.35,0
5.09,2.55,1
0.83,1.08,0
0.83,0.72,0
3.43,2.46,1
1.78,1.28,0
0.59,1.06,0
0.77,1.85,0
3.01,3.35,1
3.33,2.81,1
0.03,1.35,0
3.57,2.52,1
1.29,1.03,0
2.48,3.0,1
1.08,3.15,0
2.76,3.94,1
3.4,3.32,1
0.34,1.82,0
2.72,3.08,1
0.78,0.28,0
-0.99,-0.22,0
1.84,1.92,0
1.62,1.03,0
0.41,1.06,0
0.58,0.56,0
2.18,4.09,1
0.21,1.8,0
2.9,3.35,1
3.25,3.35,1
2.45,1.38,0
2.57,2.47,1
1.46,0.94,0
1.07,0.05,0
1.99,3.27,1
0.53,1.15,0
2.87,4.52,1
3.6,3.34,1
3.13,2.65,1
2.03,0.48,0
1.5,0.79,0
0.79,0.9,0
4.18,2.83,1
0.76,1.62,0
1.65,1.38,0
1.5,0.76,0
0.81,1.31,0
1.6,0.57,0
1.96,4.2,1
0.49,1.34,0
2.79,2.89,1
1.02,0.93,0
1.95,2.41,1
1.26,3.22,1
2.55,2.52,1
1.56,0.89,0
0.74,0.97,0
0.99,-0.51,0
2.4,0.8,0
0.93,0.41,0
1.49,-0.05,0
1.62,1.76,0
2.52,3.38,1
4.18,3.65,1
1.57,3.05,1
3.25,3.09,1
4.23,2.29,1
2.32,1.94,1
0.25,0.38,0
3.81,2.02,1
2.67,3.23,1
0.48,2.65,1
2.68,2.69,1
0.65,1.25,0
0.38,0.92,0
3.1,4.09,1
2.36,1.73,0
3.0,4.35,1
3.75,2.4,1
4.06,2.42,1
2.92,3.01,1
3.93,2.83,1
0.53,1.53,0
2.34,3.68,1
3.43,3.56,1
3.19,2.07,1
0.21,3.04,0
0.49,1.37,0
1.97,-0.56,0
2.87,2.67,1
2.79,3.27,1
2.42,0.46,0
1.65,0.89,0
2.26,2.74,1
2.81,3.68,1
1.47,0.68,0
2.77,3.28,1
1.34,0.28,0
4.38,2.7,1
-0.3,0.75,0
0.93,1.14,0
0.32,1.91,0
1.22,-0.05,0
2.22,0.74,0
-0.03,1.13,0
1.12,1.49,0
2.61,2.52,1
3.4,2.76,1
1.24,1.35,0
0.88,1.27,0
0.55,1.22,0
-0.2,0.77,0
1.83,1.53,0
2.37,3.18,1
2.83,3.22,1
2.91,3.02,1
2.81,2.91,1
3.55,2.83,1
2.83,2.58,1
4.13,3.12,1
2.44,1.72,0
0.98,1.08,0
2.22,3.72,1
3.48,4.21,1
2.66,3.14,1
-0.0,1.3,0
1.4,0.96,0
0.14,-0.0,0
0.35,1.99,0
4.09,3.81,1
3.11,3.78,1
2.04,2.0,0
0.87,0.65,0
1.14,1.8,0
0.63,1.43,0
4.55,2.94,1
1.01,1.55,0
2.91,3.74,1
1.14,0.49,0
1.2,0.25,0
2.96,2.61,1
0.13,0.07,0
3.05,3.89,1
3.12,3.18,1
0.9,0.48,0
1.19,-0.13,0
3.59,2.64,1
0.53,-0.12,0
0.0,0.91,0
1.13,1.78,0
2.62,3.78,1
0.01,0.36,0
2.6,3.33,1
2.26,0.66,0
1.71,3.16,1
3.2,3.32,1
1.68,1.95,0
2.41,2.84,1
2.65,2.95,1
1.11,0.92,0
3.37,2.22,1
3.87,2.4,1
1.05,0.48,0
1.16,1.2,0
0.44,0.14,0
0.61,1.19,0
0.47,1.49,0
0.38,0.86,0
1.13,1.64,0
0.59,1.24,0
3.56,2.56,1
1.6,0.73,0
4.13,2.56,1
0.99,1.2,0
1.25,0.81,0
2.7,3.74,1
2.96,3.81,1
2.92,3.73,1
3.13,3.23,1
3.22,2.75,1
1.34,1.88,0
2.97,2.22,1
2.85,2.76,1
2.39,3.69,1
0.63,1.27,0
1.5,0.75,0
1.83,-0.52,0
0.71,-0.33,0
3.68,1.98,1
3.79,2.33,1
-0.04,0.56,0
0.83,0.03,0
2.5,3.46,1
2.86,1.72,1
3.98,2.86,1
3.41,2.58,1
2.51,2.33,0
1.33,0.12,0
2.78,2.73,1
3.51,3.22,1
4.08,2.37,1
0.84,0.48,0
2.44,3.48,1
0.53,2.05,0
2.05,0.91,0
0.98,0.63,0
3.76,2.94,1
1.13,0.48,0
2.88,2.46,1
0.81,1.52,0
1.55,0.95,0
2.65,2.53,1
2.46,2.33,1
3.11,2.77,1
1.44,0.25,0
1.79,0.91,0
2.06,2.61,1
3.39,2.13,1
2.63,2.33,1
1.43,0.83,0
3.08,3.66,1
1.87,1.84,1
3.82,2.26,1
1.0,1.31,0
2.4,3.42,1
2.72,2.5,1
5.01,3.46,1
3.0,2.14,1
2.48,3.16,1
3.66,3.05,1
2.03,0.5,0
0.77,1.49,0
3.29,3.1,1
3.43,0.64,1
1.68,0.14,0
0.63,1.0,0
1.97,2.16,1
1.15,0.21,0
0.46,0.87,0
1.54,0.5,0
1.25,1.17,0
0.69,1.9,0
1.23,0.04,0
0.73,0.97,0
1.18,2.25,0
3.44,3.55,1
1.03,0.58,0
3.19,3.57,1
2.58,2.07,1
2.7,2.41,1
0.84,0.6,0
1.35,1.52,0
0.87,1.13,0
0.24,1.65,0
2.68,2.24,1
3.1,2.78,1
2.98,4.48,1
3.23,3.59,1
3.66,4.28,1
2.74,3.87,1
3.73,2.18,1
0.28,0.76,0
1.33,1.98,0
3.16,3.28,1
0.88,2.43,0
1.23,1.79,0
0.89,0.78,0
-0.11,1.19,0
1.32,0.91,0
3.24,3.7,1
3.42,3.17,1
1.05,1.63,0
2.07,2.87,1
1.33,-0.46,0
2.39,3.84,1
1.76,2.42,1
1.98,1.75,0
3.36,3.69,1
1.67,1.11,0
3.11,2.0,1
2.75,3.07,1
3.57,3.64,1
-0.92,0.44,0
3.19,3.12,1
0.54,1.2,0
3.19,3.96,1
3.09,2.81,1
1.42,0.71,0
2.9,1.61,1
2.6,2.65,1
1.53,0.78,0
0.85,1.13,0
3.52,2.56,1
3.27,2.8,1
0.93,-0.32,0
3.84,4.39,1
1.71,2.7,1
2.43,3.75,1
0.96,0.23,0
1.93,2.88,1
4.02,2.71,1
3.83,2.4,1
1.21,0.72,0
2.74,2.04,1
1.85,1.01,0
1.07,1.32,0
2.89,3.45,1
3.27,2.77,1
0.55,0.7,0
0.99,0.23,0
3.39,2.87,1
1.25,0.24,0
2.32,0.23,0
3.5,3.37,1
2.69,2.41,1
1.65,0.59,0
0.34,1.28,0
1.41,1.89,0
3.01,4.18,1
0.82,2.47,0
0.84,0.16,0
2.29,3.35,1
3.3,3.97,1
0.96,2.2,0
0.59,1.35,0
2.83,3.28,1
1.84,1.71,0
2.79,1.35,0
1.0,0.55,0
0.61,0.45,0
0.87,1.22,0
2.76,0.92,1
2.23,3.43,1
4.01,2.81,1
1.61,1.19,0
2.25,2.93,1
3.32,3.54,1
1.18,1.34,0
-0.16,0.84,0
0.81,2.17,0
2.29,0.61,0
1.12,-0.74,0
2.62,0.94,0
1.97,0.37,0
3.61,2.74,1
1.41,3.06,1
1.68,3.41,1
3.51,2.83,1
-0.09,0.42,0
3.41,2.62,1
1.62,0.52,0
0.98,0.3,0
1.24,1.47,0
3.63,2.25,1
2.36,3.83,1
2.8,3.37,1
3.54,3.07,1
2.41,3.34,1
2.86,2.77,1
0.88,1.59,0
0.25,1.45,0
3.21,2.11,1
3.93,3.39,1
2.46,4.08,1
0.65,-0.04,0
0.62,0.97,0
2.56,2.29,1
0.32,1.01,0
1.07,2.21,0
4.43,3.49,1
3.54,3.46,1
1.5,0.91,0
2.75,2.74,1
0.45,1.09,0
3.62,2.99,1
3.96,2.81,1
-0.31,0.66,0
2.25,3.64,1
3.83,2.81,1
3.88,2.13,1
1.11,2.03,0
0.79,0.22,0
0.72,0.5,0
3.68,2.93,1
3.57,2.58,1
1.24,0.75,0
1.2,1.11,0
0.81,1.83,0
3.13,3.0,1
3.47,3.2,1
0.84,1.3,0
1.99,0.96,0
3.29,2.76,1
1.34,2.52,1
3.29,2.22,1
0.24,0.88,0
2.24,2.31,1
3.54,3.2,1
2.69,2.46,1
1.81,2.58,1
0.52,1.49,0
2.66,1.48,1
2.87,3.45,1
1.77,1.13,0
1.14,1.47,0
2.54,2.85,1
0.5,1.08,0
3.72,2.34,1
0.41,1.66,0
1.5,0.61,0
-0.45,1.16,0
0.78,0.22,0
0.98,2.52,0
0.62,1.68,0
3.94,2.01,1
1.41,1.62,0
0.69,1.72,0
1.54,0.99,0
-0.32,0.51,0
1.05,1.35,0
3.29,3.17,1
2.26,3.41,1
1.3,0.55,0
2.1,2.11,0
4.07,3.7,1
0.53,0.48,0
2.8,3.83,1
1.75,3.48,1
0.23,0.85,0
2.07,2.86,1
1.39,1.45,0
0.31,0.68,0
1.07,0.94,0
2.38,2.09,1
1.72,-0.16,0
3.1,3.23,1
-1.27,2.2,0
1.15,1.1,0
4.98,3.74,1
1.44,0.43,0
2.47,3.31,1
2.87,3.66,1
3.35,2.97,1
1.06,2.19,0
1.3,0.37,0
0.61,0.08,0
1.64,0.48,0
0.23,0.3,0
1.8,2.53,1
-0.18,1.1,0
1.13,1.57,0
0.51,2.29,0
1.87,0.16,0
1.38,0.59,0
1.96,2.84,1
0.66,0.79,0
3.08,2.65,1
2.81,2.58,1
3.42,3.36,1
1.55,1.94,1
-0.7,1.29,0
1.35,3.45,1
1.02,0.42,0
0.18,0.85,0
2.04,3.24,1
0.14,1.41,0
0.66,1.02,0
1.17,0.3,0
3.42,2.95,1
0.55,0.38,0
4.57,2.7,1
1.39,0.73,0
-0.09,0.59,0
2.8,2.63,1
0.78,0.36,0
1.52,0.67,0
1.19,1.13,0
3.09,3.73,1
3.15,1.92,1
3.62,3.39,1
2.34,2.13,1
2.09,1.3,0
2.44,3.36,1
1.63,1.81,0
3.02,3.76,1
0.06,0.03,0
2.26,4.08,1
2.89,3.75,1
2.31,2.02,1
2.97,3.58,1
2.95,2.99,1
-0.27,0.81,0
4.03,2.62,1
1.43,0.67,0
1.26,3.42,1
0.63,0.9,0
2.48,3.02,1
1.77,3.13,1
1.93,0.69,0
3.28,4.27,1
1.88,2.42,1
2.47,2.86,1
0.86,0.96,0
0.6,1.02,0
4.71,2.92,1
1.13,-0.25,0
2.17,1.19,0
2.55,2.08,1
1.88,2.06,1
3.0,3.15,1
3.42,2.7,1
0.59,0.59,0
3.36,2.91,1
1.7,0.1,0
3.98,2.42,1
3.17,3.23,1
3.03,3.14,1
2.57,2.95,1
3.8,3.32,1
1.72,3.45,1
3.82,3.18,1
2.69,0.13,0
2.16,3.94,1
1.68,1.57,0
3.0,3.55,1
2.61,3.34,1
1.97,0.6,0
1.74,0.61,0
3.81,3.3,1
2.28,1.37,0
0.75,1.89,0
3.2,3.09,1
1.88,1.67,0
3.23,1.98,1
1.76,3.02,1
2.58,2.78,1
3.2,4.11,1
2.97,2.27,1
3.49,1.82,1
1.44,0.96,0
4.21,3.26,1
0.91,1.17,0
3.74,3.66,1
1.16,0.84,0
2.07,2.47,0
1.43,2.7,1
0.42,0.79,0
1.33,1.95,0
0.67,0.25,0
0.76,1.3,0
3.62,2.51,1
1.28,1.46,0
1.52,1.99,0
0.69,0.9,0
3.68,2.81,1
3.24,3.56,1
2.78,3.14,1
1.96,3.3,1
3.43,3.55,1
2.84,2.1,1
0.91,1.02,0
1.74,0.71,0
1.69,1.59,0
2.82,1.4,0
3.81,3.94,1
1.25,1.68,0
3.37,3.29,1
3.83,1.69,1
3.01,3.28,1
3.72,3.38,1
2.8,3.58,1
0.36,0.16,0
2.07,2.21,1
3.66,3.01,1
1.33,1.46,0
2.26,2.15,1
-0.48,0.62,0
1.0,0.72,0
-0.23,1.8,0
4.15,1.73,1
2.87,1.83,1
1.23,1.38,0
-0.34,1.25,0
1.4,2.19,0
2.07,1.42,0
1.55,0.21,0
3.31,3.65,1
0.85,1.6,0
0.57,1.09,0
2.93,3.94,1
0.98,0.05,0
2.83,2.1,1
3.06,2.31,1
2.86,2.54,1
3.37,3.27,1
2.9,2.54,1
2.97,2.65,1
3.57,2.95,1
3.7,3.42,1
1.58,1.7,0
0.71,0.84,0
0.99,1.53,0
3.26,3.24,1
0.47,-0.24,0
3.06,2.76,1
4.6,3.47,1
3.19,2.32,1
0.73,1.32,0
-0.01,-0.75,0
2.09,2.94,1
3.28,3.07,1
-0.04,1.48,0
3.06,3.47,1
3.94,3.1,1
3.82,3.08,1
3.31,1.93,1
0.77,1.07,0
1.47,-0.08,0
3.0,3.38,1
2.49,1.09,1
2.31,3.29,1
2.3,3.84,1
0.67,1.83,0
1.25,2.63,0
3.34,2.65,1
2.74,2.97,1
0.35,1.85,0
2.01,3.02,1
1.35,1.02,0
3.33,2.06,1
3.27,2.81,1
1.48,0.93,0
2.34,1.23,0
2.68,3.67,1
0.78,0.41,0
0.71,1.36,0
3.06,2.69,1
1.2,1.29,0
2.84,2.37,1
1.59,1.56,0
2.64,3.71,1
0.6,0.82,0
1.42,1.88,0
3.02,2.28,1
1.3,1.14,0
2.2,2.21,0
3.59,1.89,1
2.3,2.47,1
3.05,3.11,1
3.3,3.16,1
2.46,2.31,1
3.59,2.27,1
3.41,2.68,1
1.34,1.53,0
0.91,0.56,0
2.26,-0.03,0
2.99,2.82,1
3.5,3.48,1
2.82,3.69,1
3.68,2.79,1
0.5,-0.01,0
4.41,4.66,1
3.56,2.93,1
1.93,2.5,1
1.22,0.74,0
3.97,3.99,1
1.25,1.96,0
0.39,1.12,0
3.71,2.76,1
2.95,2.62,1
2.42,3.11,1
2.51,3.88,1
3.9,2.77,1
3.09,3.27,1
0.42,0.63,0
3.31,3.08,1
1.03,1.19,0
2.57,2.62,1
0.42,2.06,1
3.48,4.24,1
-0.2,0.23,0
0.8,1.67,0
2.04,1.56,0
3.75,3.19,1
2.98,2.79,1
1.17,1.81,0
3.07,1.09,1
1.33,3.81,1
3.93,2.87,1
-0.06,0.81,0
0.8,0.21,0
2.96,3.81,1
1.59,2.05,1
3.73,3.29,1
3.4,1.9,1
4.15,2.32,1
0.67,0.52,0
2.4,3.35,1
3.71,3.43,1
3.83,2.97,1
2.57,2.87,1
1.49,1.44,0
2.99,3.05,1
2.41,3.83,1
3.03,2.42,1
0.86,0.73,0
2.06,3.72,1
2.33,2.67,1
1.71,0.84,0
2.93,3.41,1
1.88,0.64,0
2.62,3.38,1
1.14,1.95,0
3.2,1.87,1
3.11,3.12,1
0.96,0.37,0
0.95,0.05,0
2.65,3.41,1
3.7,2.86,1
4.17,2.61,1
0.9,0.57,0
2.01,2.83,1
2.61,2.48,1
1.73,1.1,0
1.89,1.12,0
1.02,-0.41,0
1.16,1.06,0
1.96,2.95,1
1.05,1.24,0
1.17,1.1,0
2.97,2.18,1
0.78,1.81,0
2.79,2.19,1
1.93,3.28,1
2.54,2.18,1
3.28,1.8,1
2.22,0.96,0
3.07,4.06,1
2.98,2.72,1
0.71,0.73,0
3.28,3.93,1
3.74,3.53,1
0.22,0.8,0
1.52,1.06,0
1.74,0.28,0
-0.01,0.32,0
0.29,0.0,0
3.41,3.09,1
0.51,0.32,0
4.32,2.9,1
0.43,0.86,0
0.96,1.75,0
-0.07,1.73,0
0.95,0.98,0
1.73,0.94,0
0.98,1.15,0
2.4,3.81,1
0.77,1.86,0
1.92,1.48,0
0.5,-0.05,0
3.63,3.92,1
0.58,1.77,0
2.13,1.31,0
0.61,0.72,0
0.98,-0.18,0
1.38,1.36,0
0.36,0.35,0
3.11,3.35,1
1.23,1.93,1
0.33,-0.05,0
3.46,3.01,1
4.05,2.76,1
1.68,2.79,1
2.41,2.1,1
0.87,0.52,0
0.68,0.16,0
0.71,1.48,0
3.9,2.9,1
1.01,0.72,0
1.5,0.46,0
1.38,0.6,0
2.51,1.66,1
0.63,0.54,0
1.38,2.14,0
1.27,-0.21,0
2.02,2.08,1
1.61,1.67,0
-0.26,1.33,0
3.52,3.53,1
3.63,3.5,1
0.8,1.76,0
1.13,3.23,1
3.77,2.78,1
3.38,2.64,1
2.27,2.29,1
0.13,1.33,0
3.7,2.8,1
1.13,0.32,0
3.01,3.0,1
0.44,0.98,0
4.52,3.51,1
0.81,1.7,0
1.01,1.04,0
1.05,1.85,0
1.69,1.94,1
3.34,2.45,1
2.56,3.64,1
0.59,0.2,0
2.37,2.91,1
3.74,2.34,1
0.58,0.14,0
2.73,2.03,1
2.37,1.31,0
1.49,2.74,1
2.56,3.71,1
0.68,0.79,0
2.21,-0.36,0
3.33,3.65,1
1.73,3.18,1
2.54,3.68,1
0.76,0.21,0
1.76,0.36,0
4.49,2.34,1
3.22,2.13,1
1.58,2.54,1
1.93,0.62,0
2.96,2.04,1
1.73,2.13,0
0.91,1.49,0
2.24,4.03,1
5.05,2.31,1
2.7,3.46,1
1.59,0.58,0
2.67,2.19,1
2.39,2.04,1
3.26,4.33,1
1.05,1.83,0
2.19,3.78,1
2.99,4.09,1
3.73,3.07,1
4.68,3.57,1
0.41,0.71,0
4.77,2.72,1
0.74,0.43,0
3.53,2.37,1
1.36,0.74,0
3.94,3.57,1
0.47,1.56,0
0.24,-0.11,0
0.56,-0.38,0
2.64,2.94,1
3.4,2.32,1
2.87,4.02,1
2.44,3.58,1
0.4,0.81,0
2.25,4.12,1
0.65,0.06,0
2.73,2.7,1
-0.79,0.81,0
1.67,0.06,0
0.7,2.02,0
3.45,3.31,1
2.76,4.22,1
2.46,2.79,1
4.1,2.85,1
1.79,0.96,0
1.92,0.64,0
4.53,3.08,1
1.39,1.49,0
2.99,4.31,1
0.5,0.96,0
1.82,1.17,0
3.56,2.65,1
0.78,1.64,0
0.6,1.02,0
1.57,2.2,0
3.72,3.89,1
4.01,2.11,1
3.38,3.11,1
0.08,0.14,0
2.21,2.78,1
0.73,0.25,0
2.26,-0.07,0
2.68,2.81,1
3.63,1.68,1
0.58,2.45,0
0.37,1.24,0
2.31,3.5,1
2.76,2.77,1
3.34,3.69,1
1.39,0.43,0
4.08,1.36,1
1.81,2.39,0
0.34,2.44,0
4.35,2.53,1
2.45,3.3,1
2.09,4.48,1
2.52,1.83,1
3.97,4.37,1
3.09,2.58,1
3.33,3.84,1
3.5,3.03,1
2.65,4.06,1
3.41,2.29,1
1.7,1.99,1
2.92,3.24,1
2.35,2.87,1
1.09,1.61,0
0.73,0.38,0
2.99,2.88,1
0.42,1.51,0
1.1,1.2,0
3.69,2.27,1
0.88,0.28,0
0.64,1.4,0
3.34,3.07,1
1.9,3.45,1
3.27,3.64,1
1.37,0.79,0
2.76,2.55,1
1.11,0.34,0
2.31,3.16,1
3.26,3.17,1
2.44,1.1,1
3.27,3.23,1
1.14,1.22,0
2.46,2.91,1
3.85,2.85,1
1.02,0.08,0
3.82,3.15,1
0.78,1.12,0
1.37,1.1,0
2.79,3.07,1
2.04,3.32,1
1.54,1.27,0
1.46,2.43,0
1.04,1.72,0
3.49,4.17,1
2.63,3.44,1
0.68,0.83,0
2.23,0.22,0
2.82,3.73,1
2.51,2.79,1
0.62,1.06,0
0.42,1.75,0
0.63,0.8,0
1.95,1.29,0
2.06,4.02,1
-0.31,1.27,0
1.37,1.18,0
0.23,0.21,0
2.26,2.93,1
0.02,1.25,0
1.58,-0.54,0
3.6,3.65,1
3.47,2.96,1
1.05,0.52,0
1.41,0.43,0
2.07,3.0,1
2.65,2.22,1
2.02,1.08,0
0.82,0.94,0
4.42,3.14,1
3.5,3.3,1
3.21,3.47,1
1.89,0.48,0
1.09,0.66,0
0.16,1.35,0
2.07,2.15,1
2.07,1.15,0
4.54,2.62,1
2.59,2.48,1
2.23,3.88,1
1.81,0.24,0
3.25,2.66,1
3.05,2.44,1
3.39,3.01,1
3.18,4.24,1
1.92,2.7,1
0.82,0.75,0
4.13,2.75,1
3.97,2.6,1
3.98,2.49,1
0.97,0.99,0
1.27,1.97,0
3.45,2.73,1
1.05,1.06,0
2.68,1.87,1
0.96,0.89,0
1.79,0.7,0
1.89,2.96,1
1.64,0.13,0
3.41,2.98,1
2.42,2.84,1
1.93,-0.05,0
1.22,1.75,0
1.67,3.96,1
4.17,2.29,1
1.97,3.92,1
-0.08,0.06,0
3.21,3.34,1
2.68,3.75,1
0.97,0.69,0
3.88,2.5,1
1.43,2.56,0
3.46,2.66,1
3.38,3.72,1
2.47,3.11,1
1.49,3.6,1
2.58,3.07,1
3.69,3.82,1
1.71,1.59,0
0.86,0.18,0
2.3,3.68,1
0.39,0.78,0
0.92,0.71,0
2.47,2.36,1
3.63,2.44,1
1.81,0.42,0
3.07,2.61,1
2.81,3.57,1
1.45,2.38,1
0.43,0.48,0
1.21,0.4,0
2.14,1.7,0
2.1,3.53,1
2.69,2.98,1
1.85,1.29,0
2.4,2.31,1
1.91,0.44,0
3.86,2.05,1
0.44,1.22,0
2.71,2.03,1
2.81,2.0,1
1.86,1.57,0
3.18,-0.02,0
3.11,3.64,1
0.79,0.77,0
1.25,1.14,0
1.51,1.47,0
2.08,3.67,1
3.52,3.56,1
2.41,3.34,1
0.66,1.29,0
0.14,0.68,0
3.14,3.05,1
3.37,2.72,1
3.81,3.61,1
0.84,1.26,0
0.15,0.6,0
3.51,2.89,1
0.89,1.0,0
1.8,2.76,1
1.4,1.0,0
0.95,0.96,0
1.67,1.03,0
1.23,-0.18,0
1.53,1.01,0
2.98,3.27,1
3.4,2.36,1
1.75,1.74,0
0.55,0.68,0
1.27,0.19,0
-0.43,1.62,0
4.17,2.44,1
3.12,1.05,1
3.12,2.76,1
1.05,0.4,0
2.65,2.4,1
2.75,3.41,1
0.7,1.24,0
3.47,3.15,1
2.08,3.75,1
2.67,2.01,1
0.98,1.71,0
-0.06,0.46,0
1.41,1.72,0
2.15,1.63,0
1.55,0.55,0
1.35,-0.89,0
0.76,0.59,0
3.98,1.45,1
3.28,4.61,1
3.06,1.69,1
1.18,0.47,0
3.17,1.74,1
1.43,1.56,0
-0.16,1.38,0
3.58,3.3,1
0.91,1.36,0
1.59,1.5,0
-0.43,0.73,0
3.16,4.04,1
2.4,1.69,1
2.47,0.77,0
2.95,3.2,1
0.72,0.67,0
2.53,2.59,1
1.23,0.97,0
0.38,0.41,0
3.07,2.84,1
2.95,3.26,1
0.31,1.2,0
2.32,2.65,1
0.63,0.54,0
2.89,3.45,1
2.68,2.92,1
3.33,2.4,1
3.16,4.99,1
1.49,1.27,0
2.31,1.26,0
3.67,2.55,1
0.07,1.6,0
2.54,3.39,1
3.09,3.57,1
0.67,0.22,0
3.47,3.73,1
4.3,2.98,1
0.43,0.26,0
3.21,2.4,1
2.19,3.51,1
2.14,3.14,1
1.68,3.68,1
2.66,3.38,1
2.55,4.37,1
-0.12,0.88,0
3.89,2.2,1
0.46,0.76,0
3.21,3.32,1
2.05,1.61,1
1.39,1.36,0
-0.0,-0.26,0
0.02,1.32,0
